   0.0000 0.0000e+00 0.0000e+00 0.0000e+00 0.0000e+00 0.0000e+00 0.0000e+00 0.0000e+00
   0.2500 2.3065e+06 1.2894e+06 3.6145e+06 1.4080e+06 3.4547e+06 1.8299e+06 2.9330e+06
   0.5000 4.4368e+06 2.5082e+06 6.8914e+06 2.7377e+06 6.5796e+06 3.5244e+06 5.6342e+06
   0.7500 6.3839e+06 3.6459e+06 9.8391e+06 3.9749e+06 9.3907e+06 5.0828e+06 8.0861e+06
   1.0000 8.0979e+06 4.6768e+06 1.2381e+07 5.0902e+06 1.1817e+07 6.4678e+06 1.0222e+07
   1.2500 9.5410e+06 5.5799e+06 1.4467e+07 6.0608e+06 1.3813e+07 7.6492e+06 1.1993e+07
   1.5000 1.0698e+07 6.3423e+06 1.6088e+07 6.8734e+06 1.5370e+07 8.6138e+06 1.3386e+07
   1.7500 1.1569e+07 6.9582e+06 1.7262e+07 7.5225e+06 1.6507e+07 9.3586e+06 1.4402e+07
   2.0000 1.2165e+07 7.4279e+06 1.8026e+07 8.0100e+06 1.7259e+07 9.8898e+06 1.5063e+07
   2.2500 1.2508e+07 7.7561e+06 1.8421e+07 8.3423e+06 1.7666e+07 1.0221e+07 1.5401e+07
   2.5000 1.2625e+07 7.9517e+06 1.8498e+07 8.5302e+06 1.7771e+07 1.0373e+07 1.5456e+07
   2.7500 1.2548e+07 8.0273e+06 1.8306e+07 8.5884e+06 1.7622e+07 1.0367e+07 1.5271e+07
   3.0000 1.2309e+07 7.9974e+06 1.7894e+07 8.5334e+06 1.7262e+07 1.0227e+07 1.4890e+07
   3.2500 1.1940e+07 7.8767e+06 1.7308e+07 8.3824e+06 1.6733e+07 9.9767e+06 1.4356e+07
   3.5000 1.1471e+07 7.6802e+06 1.6588e+07 8.1522e+06 1.6073e+07 9.6389e+06 1.3709e+07
   3.7500 1.0929e+07 7.4239e+06 1.5774e+07 7.8606e+06 1.5316e+07 9.2348e+06 1.2984e+07
   4.0000 1.0339e+07 7.1221e+06 1.4897e+07 7.5231e+06 1.4495e+07 8.7839e+06 1.2211e+07
   4.2500 9.7210e+06 6.7878e+06 1.3985e+07 7.1535e+06 1.3634e+07 8.3027e+06 1.1416e+07
   4.5000 9.0918e+06 6.4328e+06 1.3062e+07 6.7644e+06 1.2756e+07 7.8058e+06 1.0619e+07
   4.7500 8.4656e+06 6.0665e+06 1.2146e+07 6.3659e+06 1.1882e+07 7.3049e+06 9.8349e+06
   5.0000 7.8532e+06 5.6457e+06 1.1252e+07 5.9080e+06 1.1024e+07 6.8096e+06 9.0771e+06
   5.2500 7.2626e+06 5.2354e+06 1.0392e+07 5.4642e+06 1.0196e+07 6.3269e+06 8.3534e+06
   5.5000 6.6994e+06 4.8422e+06 9.5729e+06 5.0414e+06 9.4041e+06 5.8625e+06 7.6697e+06
   5.7500 6.1671e+06 4.4689e+06 8.7997e+06 4.6422e+06 8.6546e+06 5.4198e+06 7.0291e+06
   6.0000 5.6678e+06 4.1174e+06 8.0752e+06 4.2680e+06 7.9504e+06 5.0014e+06 6.4329e+06
   6.2500 5.2024e+06 3.7885e+06 7.4004e+06 3.9193e+06 7.2930e+06 4.6084e+06 5.8811e+06
   6.5000 4.7705e+06 3.4823e+06 6.7751e+06 3.5960e+06 6.6825e+06 4.2414e+06 5.3727e+06
   6.7500 4.3716e+06 3.1986e+06 6.1980e+06 3.2975e+06 6.1181e+06 3.9003e+06 4.9059e+06
   7.0000 4.0043e+06 2.9366e+06 5.6673e+06 3.0226e+06 5.5982e+06 3.5844e+06 4.4787e+06
   7.2500 3.6671e+06 2.6953e+06 5.1805e+06 2.7703e+06 5.1207e+06 3.2927e+06 4.0884e+06
   7.5000 3.3580e+06 2.4737e+06 4.7351e+06 2.5391e+06 4.6832e+06 3.0242e+06 3.7327e+06
   7.7500 3.0754e+06 2.2704e+06 4.3282e+06 2.3276e+06 4.2830e+06 2.7774e+06 3.4088e+06
   8.0000 2.8171e+06 2.0843e+06 3.9570e+06 2.1344e+06 3.9176e+06 2.5509e+06 3.1142e+06
   8.2500 2.5814e+06 1.9140e+06 3.6186e+06 1.9579e+06 3.5842e+06 2.3433e+06 2.8464e+06
   8.5000 2.3664e+06 1.7583e+06 3.3105e+06 1.7968e+06 3.2804e+06 2.1533e+06 2.6031e+06
   8.7500 2.1705e+06 1.6160e+06 3.0300e+06 1.6500e+06 3.0036e+06 1.9794e+06 2.3821e+06
   9.0000 1.9918e+06 1.4861e+06 2.7748e+06 1.5160e+06 2.7516e+06 1.8204e+06 2.1813e+06
   9.2500 1.8290e+06 1.3674e+06 2.5426e+06 1.3938e+06 2.5221e+06 1.6750e+06 1.9989e+06
   9.5000 1.6806e+06 1.2590e+06 2.3314e+06 1.2824e+06 2.3132e+06 1.5421e+06 1.8332e+06
   9.7500 1.5454e+06 1.1600e+06 2.1392e+06 1.1807e+06 2.1231e+06 1.4206e+06 1.6825e+06
  10.0000 1.4220e+06 1.0695e+06 1.9642e+06 1.0880e+06 1.9499e+06 1.3095e+06 1.5455e+06
  10.2500 1.3095e+06 9.8678e+05 1.8048e+06 1.0032e+06 1.7922e+06 1.2079e+06 1.4207e+06
  10.5000 1.2067e+06 9.1112e+05 1.6596e+06 9.2576e+05 1.6483e+06 1.1149e+06 1.3071e+06
  10.7500 1.1129e+06 8.4188e+05 1.5272e+06 8.5495e+05 1.5171e+06 1.0297e+06 1.2036e+06
  11.0000 1.0271e+06 7.7847e+05 1.4064e+06 7.9016e+05 1.3974e+06 9.5175e+05 1.1092e+06
  11.2500 9.4869e+05 7.2038e+05 1.2962e+06 7.3086e+05 1.2882e+06 8.8032e+05 1.0231e+06
  11.5000 8.7696e+05 6.6714e+05 1.1956e+06 6.7654e+05 1.1884e+06 8.1486e+05 9.4443e+05
  11.7500 8.1132e+05 6.1831e+05 1.1038e+06 6.2676e+05 1.0973e+06 7.5484e+05 8.7259e+05
  12.0000 7.5117e+05 5.7349e+05 1.0197e+06 5.8110e+05 1.0139e+06 6.9976e+05 8.0687e+05
  12.2500 6.9600e+05 5.3232e+05 9.4282e+05 5.3917e+05 9.3756e+05 6.4914e+05 7.4669e+05
  12.5000 6.4536e+05 4.9446e+05 8.7235e+05 5.0064e+05 8.6760e+05 6.0260e+05 6.9154e+05
  12.7500 5.9884e+05 4.5963e+05 8.0775e+05 4.6522e+05 8.0346e+05 5.5979e+05 6.4097e+05
  13.0000 5.5608e+05 4.2757e+05 7.4849e+05 4.3262e+05 7.4461e+05 5.2039e+05 5.9455e+05
  13.2500 5.1677e+05 3.9803e+05 6.9411e+05 4.0261e+05 6.9059e+05 4.8410e+05 5.5193e+05
  13.5000 4.8059e+05 3.7080e+05 6.4418e+05 3.7495e+05 6.4099e+05 4.5067e+05 5.1276e+05
  13.7500 4.4728e+05 3.4568e+05 5.9830e+05 3.4945e+05 5.9540e+05 4.1984e+05 4.7674e+05
  14.0000 4.1660e+05 3.2250e+05 5.5614e+05 3.2593e+05 5.5350e+05 3.9142e+05 4.4360e+05
  14.2500 3.8831e+05 3.0109e+05 5.1736e+05 3.0421e+05 5.1496e+05 3.6518e+05 4.1309e+05
  14.5000 3.6222e+05 2.8130e+05 4.8166e+05 2.8415e+05 4.7948e+05 3.4096e+05 3.8498e+05
  14.7500 3.3810e+05 2.6298e+05 4.4871e+05 2.6558e+05 4.4672e+05 3.1853e+05 3.5902e+05
  15.0000 3.1578e+05 2.4601e+05 4.1826e+05 2.4838e+05 4.1644e+05 2.9776e+05 3.3502e+05
  15.2500 2.9512e+05 2.3027e+05 3.9011e+05 2.3243e+05 3.8844e+05 2.7850e+05 3.1282e+05
  15.5000 2.7597e+05 2.1566e+05 3.6407e+05 2.1764e+05 3.6254e+05 2.6064e+05 2.9228e+05
  15.7500 2.5822e+05 2.0211e+05 3.3998e+05 2.0392e+05 3.3858e+05 2.4406e+05 2.7326e+05
  16.0000 2.4176e+05 1.8951e+05 3.1768e+05 1.9118e+05 3.1640e+05 2.2868e+05 2.5564e+05
  16.2500 2.2648e+05 1.7781e+05 2.9703e+05 1.7934e+05 2.9586e+05 2.1439e+05 2.3931e+05
  16.5000 2.1230e+05 1.6693e+05 2.7791e+05 1.6833e+05 2.7683e+05 2.0111e+05 2.2416e+05
  16.7500 1.9913e+05 1.5680e+05 2.6019e+05 1.5809e+05 2.5920e+05 1.8877e+05 2.1009e+05
  17.0000 1.8689e+05 1.4737e+05 2.4376e+05 1.4856e+05 2.4285e+05 1.7730e+05 1.9704e+05
  17.2500 1.7552e+05 1.3860e+05 2.2854e+05 1.3968e+05 2.2770e+05 1.6662e+05 1.8491e+05
  17.5000 1.6494e+05 1.3042e+05 2.1442e+05 1.3142e+05 2.1364e+05 1.5668e+05 1.7364e+05
  17.7500 1.5509e+05 1.2279e+05 2.0132e+05 1.2371e+05 2.0061e+05 1.4743e+05 1.6316e+05
  18.0000 1.4591e+05 1.1567e+05 1.8912e+05 1.1652e+05 1.8846e+05 1.3880e+05 1.5340e+05
  18.2500 1.3734e+05 1.0901e+05 1.7774e+05 1.0980e+05 1.7714e+05 1.3073e+05 1.4429e+05
  18.5000 1.2934e+05 1.0279e+05 1.6712e+05 1.0351e+05 1.6656e+05 1.2318e+05 1.3579e+05
  18.7500 1.2186e+05 9.6969e+04 1.5721e+05 9.7636e+04 1.5669e+05 1.1613e+05 1.2786e+05
  19.0000 1.1486e+05 9.1520e+04 1.4795e+05 9.2137e+04 1.4747e+05 1.0953e+05 1.2044e+05
  19.2500 1.0832e+05 8.6418e+04 1.3930e+05 8.6989e+04 1.3886e+05 1.0335e+05 1.1352e+05
  19.5000 1.0220e+05 8.1638e+04 1.3121e+05 8.2166e+04 1.3081e+05 9.7569e+04 1.0704e+05
  19.7500 9.6470e+04 7.7158e+04 1.2366e+05 7.7647e+04 1.2328e+05 9.2150e+04 1.0098e+05
  20.0000 9.1104e+04 7.2957e+04 1.1659e+05 7.3410e+04 1.1624e+05 8.7071e+04 9.5307e+04
  20.2500 8.6076e+04 6.9016e+04 1.0997e+05 6.9436e+04 1.0965e+05 8.2310e+04 8.9997e+04
  20.5000 8.1364e+04 6.5317e+04 1.0379e+05 6.5708e+04 1.0349e+05 7.7845e+04 8.5024e+04
  20.7500 7.6946e+04 6.1845e+04 9.7995e+04 6.2207e+04 9.7715e+04 7.3656e+04 8.0364e+04
  21.0000 7.2801e+04 5.8583e+04 9.2572e+04 5.8920e+04 9.2312e+04 6.9725e+04 7.5996e+04
  21.2500 6.8913e+04 5.5519e+04 8.7493e+04 5.5832e+04 8.7251e+04 6.6035e+04 7.1900e+04
  21.5000 6.5263e+04 5.2638e+04 8.2735e+04 5.2929e+04 8.2510e+04 6.2569e+04 6.8057e+04
  21.7500 6.1837e+04 4.9929e+04 7.8277e+04 5.0200e+04 7.8068e+04 5.9313e+04 6.4451e+04
  22.0000 5.8615e+04 4.7380e+04 7.4094e+04 4.7631e+04 7.3900e+04 5.6251e+04 6.1064e+04
  22.2500 5.5583e+04 4.4977e+04 7.0163e+04 4.5211e+04 6.9982e+04 5.3367e+04 5.7876e+04
  22.5000 5.2727e+04 4.2711e+04 6.6467e+04 4.2929e+04 6.6298e+04 5.0648e+04 5.4876e+04
  22.7500 5.0037e+04 4.0573e+04 6.2990e+04 4.0777e+04 6.2832e+04 4.8086e+04 5.2051e+04
  23.0000 4.7501e+04 3.8557e+04 5.9717e+04 3.8746e+04 5.9570e+04 4.5670e+04 4.9390e+04
  23.2500 4.5110e+04 3.6653e+04 5.6637e+04 3.6830e+04 5.6500e+04 4.3390e+04 4.6883e+04
  23.5000 4.2854e+04 3.4855e+04 5.3735e+04 3.5020e+04 5.3607e+04 4.1239e+04 4.4519e+04
  23.7500 4.0726e+04 3.3157e+04 5.1001e+04 3.3311e+04 5.0882e+04 3.9208e+04 4.2289e+04
  24.0000 3.8717e+04 3.1553e+04 4.8425e+04 3.1697e+04 4.8313e+04 3.7290e+04 4.0186e+04
  24.2500 3.6820e+04 3.0036e+04 4.5995e+04 3.0170e+04 4.5890e+04 3.5477e+04 3.8201e+04
  24.5000 3.5029e+04 2.8602e+04 4.3703e+04 2.8727e+04 4.3605e+04 3.3764e+04 3.6327e+04
  24.7500 3.3335e+04 2.7245e+04 4.1540e+04 2.7362e+04 4.1448e+04 3.2145e+04 3.4557e+04
  25.0000 3.1735e+04 2.5961e+04 3.9498e+04 2.6071e+04 3.9413e+04 3.0614e+04 3.2884e+04
  25.2500 3.0222e+04 2.4746e+04 3.7570e+04 2.4849e+04 3.7490e+04 2.9165e+04 3.1304e+04
  25.5000 2.8790e+04 2.3595e+04 3.5749e+04 2.3692e+04 3.5674e+04 2.7794e+04 2.9810e+04
  25.7500 2.7436e+04 2.2506e+04 3.4028e+04 2.2596e+04 3.3958e+04 2.6497e+04 2.8396e+04
  26.0000 2.6154e+04 2.1473e+04 3.2401e+04 2.1558e+04 3.2335e+04 2.5268e+04 2.7059e+04
  26.2500 2.4940e+04 2.0495e+04 3.0863e+04 2.0574e+04 3.0801e+04 2.4104e+04 2.5794e+04
  26.5000 2.3791e+04 1.9567e+04 2.9408e+04 1.9642e+04 2.9350e+04 2.3002e+04 2.4597e+04
  26.7500 2.2702e+04 1.8688e+04 2.8031e+04 1.8758e+04 2.7976e+04 2.1956e+04 2.3463e+04
  27.0000 2.1670e+04 1.7853e+04 2.6727e+04 1.7919e+04 2.6676e+04 2.0966e+04 2.2388e+04
  27.2500 2.0691e+04 1.7061e+04 2.5492e+04 1.7122e+04 2.5444e+04 2.0025e+04 2.1370e+04
  27.5000 1.9762e+04 1.6308e+04 2.4322e+04 1.6366e+04 2.4277e+04 1.9133e+04 2.0403e+04
  27.7500 1.8881e+04 1.5593e+04 2.3212e+04 1.5648e+04 2.3170e+04 1.8285e+04 1.9486e+04
  28.0000 1.8043e+04 1.4914e+04 2.2160e+04 1.4965e+04 2.2120e+04 1.7480e+04 1.8616e+04
  28.2500 1.7248e+04 1.4267e+04 2.1162e+04 1.4316e+04 2.1124e+04 1.6715e+04 1.7790e+04
  28.5000 1.6492e+04 1.3653e+04 2.0214e+04 1.3698e+04 2.0179e+04 1.5987e+04 1.7005e+04
  28.7500 1.5774e+04 1.3068e+04 1.9315e+04 1.3111e+04 1.9281e+04 1.5296e+04 1.6259e+04
  29.0000 1.5091e+04 1.2512e+04 1.8460e+04 1.2552e+04 1.8429e+04 1.4638e+04 1.5550e+04
  29.2500 1.4442e+04 1.1983e+04 1.7649e+04 1.2020e+04 1.7619e+04 1.4013e+04 1.4877e+04
  29.5000 1.3824e+04 1.1479e+04 1.6878e+04 1.1514e+04 1.6850e+04 1.3417e+04 1.4236e+04
  29.7500 1.3236e+04 1.0998e+04 1.6145e+04 1.1032e+04 1.6119e+04 1.2850e+04 1.3627e+04
  30.0000 1.2677e+04 1.0541e+04 1.5448e+04 1.0573e+04 1.5423e+04 1.2311e+04 1.3047e+04
  30.2500 1.2144e+04 1.0105e+04 1.4785e+04 1.0135e+04 1.4762e+04 1.1797e+04 1.2495e+04
  30.5000 1.1636e+04 9.6897e+03 1.4155e+04 9.7178e+03 1.4133e+04 1.1307e+04 1.1969e+04
  30.7500 1.1153e+04 9.2936e+03 1.3555e+04 9.3201e+03 1.3534e+04 1.0840e+04 1.1469e+04
  31.0000 1.0692e+04 8.9158e+03 1.2983e+04 8.9409e+03 1.2964e+04 1.0395e+04 1.0992e+04
  31.2500 1.0253e+04 8.5555e+03 1.2439e+04 8.5791e+03 1.2421e+04 9.9710e+03 1.0538e+04
  31.5000 9.8346e+03 8.2117e+03 1.1921e+04 8.2340e+03 1.1903e+04 9.5664e+03 1.0105e+04
  31.7500 9.4353e+03 7.8835e+03 1.1427e+04 7.9046e+03 1.1411e+04 9.1803e+03 9.6921e+03
  32.0000 9.0544e+03 7.5702e+03 1.0957e+04 7.5901e+03 1.0941e+04 8.8119e+03 9.2985e+03
  32.2500 8.6909e+03 7.2710e+03 1.0508e+04 7.2899e+03 1.0493e+04 8.4603e+03 8.9230e+03
  32.5000 8.3440e+03 6.9853e+03 1.0080e+04 7.0031e+03 1.0066e+04 8.1246e+03 8.5647e+03
  32.7500 8.0128e+03 6.7123e+03 9.6721e+03 6.7292e+03 9.6588e+03 7.8039e+03 8.2227e+03
  33.0000 7.6965e+03 6.4515e+03 9.2828e+03 6.4674e+03 9.2701e+03 7.4977e+03 7.8963e+03
  33.2500 7.3943e+03 6.2021e+03 8.9112e+03 6.2172e+03 8.8992e+03 7.2050e+03 7.5845e+03
  33.5000 7.1056e+03 5.9636e+03 8.5564e+03 5.9780e+03 8.5451e+03 6.9253e+03 7.2867e+03
  33.7500 6.8296e+03 5.7355e+03 8.2177e+03 5.7491e+03 8.2069e+03 6.6578e+03 7.0021e+03
  34.0000 6.5658e+03 5.5173e+03 7.8941e+03 5.5301e+03 7.8839e+03 6.4020e+03 6.7301e+03
  34.2500 6.3135e+03 5.3084e+03 7.5849e+03 5.3206e+03 7.5752e+03 6.1574e+03 6.4701e+03
  34.5000 6.0721e+03 5.1084e+03 7.2895e+03 5.1200e+03 7.2803e+03 5.9233e+03 6.2214e+03
  34.7500 5.8412e+03 4.9170e+03 7.0071e+03 4.9280e+03 6.9984e+03 5.6992e+03 5.9835e+03
  35.0000 5.6203e+03 4.7337e+03 6.7371e+03 4.7441e+03 6.7288e+03 5.4848e+03 5.7560e+03
  35.2500 5.4088e+03 4.5581e+03 6.4788e+03 4.5680e+03 6.4710e+03 5.2795e+03 5.5382e+03
  35.5000 5.2063e+03 4.3899e+03 6.2318e+03 4.3992e+03 6.2243e+03 5.0829e+03 5.3298e+03
  35.7500 5.0123e+03 4.2287e+03 5.9955e+03 4.2376e+03 5.9884e+03 4.8945e+03 5.1302e+03
  36.0000 4.8266e+03 4.0741e+03 5.7692e+03 4.0826e+03 5.7625e+03 4.7141e+03 4.9391e+03
  36.2500 4.6486e+03 3.9260e+03 5.5527e+03 3.9340e+03 5.5463e+03 4.5412e+03 4.7560e+03
  36.5000 4.4781e+03 3.7839e+03 5.3454e+03 3.7916e+03 5.3393e+03 4.3754e+03 4.5807e+03
  36.7500 4.3146e+03 3.6477e+03 5.1468e+03 3.6549e+03 5.1410e+03 4.2165e+03 4.4126e+03
  37.0000 4.1579e+03 3.5170e+03 4.9566e+03 3.5239e+03 4.9511e+03 4.0641e+03 4.2516e+03
  37.2500 4.0076e+03 3.3916e+03 4.7743e+03 3.3982e+03 4.7691e+03 3.9180e+03 4.0971e+03
  37.5000 3.8635e+03 3.2713e+03 4.5997e+03 3.2775e+03 4.5947e+03 3.7778e+03 3.9491e+03
  37.7500 3.7252e+03 3.1557e+03 4.4322e+03 3.1617e+03 4.4275e+03 3.6432e+03 3.8071e+03
  38.0000 3.5926e+03 3.0448e+03 4.2717e+03 3.0505e+03 4.2672e+03 3.5141e+03 3.6708e+03
  38.2500 3.4653e+03 2.9383e+03 4.1177e+03 2.9437e+03 4.1134e+03 3.3902e+03 3.5401e+03
  38.5000 3.3430e+03 2.8361e+03 3.9701e+03 2.8412e+03 3.9659e+03 3.2712e+03 3.4147e+03
  38.7500 3.2257e+03 2.7378e+03 3.8284e+03 2.7427e+03 3.8245e+03 3.1569e+03 3.2943e+03
  39.0000 3.1130e+03 2.6434e+03 3.6924e+03 2.6480e+03 3.6887e+03 3.0472e+03 3.1787e+03
  39.2500 3.0048e+03 2.5527e+03 3.5619e+03 2.5571e+03 3.5583e+03 2.9417e+03 3.0677e+03
  39.5000 2.9008e+03 2.4655e+03 3.4366e+03 2.4697e+03 3.4332e+03 2.8404e+03 2.9611e+03
  39.7500 2.8009e+03 2.3817e+03 3.3163e+03 2.3857e+03 3.3131e+03 2.7430e+03 2.8586e+03
  40.0000 2.7049e+03 2.3011e+03 3.2007e+03 2.3049e+03 3.1977e+03 2.6494e+03 2.7602e+03
  40.2500 2.6126e+03 2.2236e+03 3.0897e+03 2.2272e+03 3.0868e+03 2.5594e+03 2.6656e+03
  40.5000 2.5239e+03 2.1490e+03 2.9831e+03 2.1525e+03 2.9803e+03 2.4728e+03 2.5747e+03
  40.7500 2.4386e+03 2.0773e+03 2.8806e+03 2.0806e+03 2.8779e+03 2.3896e+03 2.4873e+03
  41.0000 2.3565e+03 2.0083e+03 2.7821e+03 2.0114e+03 2.7795e+03 2.3095e+03 2.4033e+03
  41.2500 2.2776e+03 1.9418e+03 2.6874e+03 1.9449e+03 2.6849e+03 2.2325e+03 2.3224e+03
  41.5000 2.2016e+03 1.8779e+03 2.5963e+03 1.8808e+03 2.5939e+03 2.1583e+03 2.2447e+03
  41.7500 2.1285e+03 1.8163e+03 2.5087e+03 1.8191e+03 2.5065e+03 2.0870e+03 2.1698e+03
  42.0000 2.0582e+03 1.7570e+03 2.4245e+03 1.7597e+03 2.4223e+03 2.0183e+03 2.0978e+03
  42.2500 1.9905e+03 1.6999e+03 2.3435e+03 1.7024e+03 2.3414e+03 1.9521e+03 2.0285e+03
  42.5000 1.9253e+03 1.6449e+03 2.2655e+03 1.6473e+03 2.2636e+03 1.8885e+03 1.9618e+03
  42.7500 1.8625e+03 1.5919e+03 2.1905e+03 1.5942e+03 2.1886e+03 1.8271e+03 1.8976e+03
  43.0000 1.8020e+03 1.5408e+03 2.1183e+03 1.5430e+03 2.1165e+03 1.7680e+03 1.8358e+03
  43.2500 1.7437e+03 1.4916e+03 2.0488e+03 1.4937e+03 2.0470e+03 1.7111e+03 1.7762e+03
  43.5000 1.6876e+03 1.4441e+03 1.9818e+03 1.4462e+03 1.9802e+03 1.6562e+03 1.7188e+03
  43.7500 1.6335e+03 1.3984e+03 1.9174e+03 1.4003e+03 1.9158e+03 1.6033e+03 1.6635e+03
  44.0000 1.5814e+03 1.3543e+03 1.8553e+03 1.3561e+03 1.8538e+03 1.5524e+03 1.6102e+03
  44.2500 1.5312e+03 1.3117e+03 1.7955e+03 1.3135e+03 1.7940e+03 1.5032e+03 1.5589e+03
  44.5000 1.4827e+03 1.2707e+03 1.7378e+03 1.2724e+03 1.7364e+03 1.4559e+03 1.5094e+03
  44.7500 1.4360e+03 1.2311e+03 1.6823e+03 1.2328e+03 1.6810e+03 1.4102e+03 1.4617e+03
  45.0000 1.3910e+03 1.1929e+03 1.6288e+03 1.1945e+03 1.6275e+03 1.3661e+03 1.4156e+03
  45.2500 1.3475e+03 1.1561e+03 1.5772e+03 1.1576e+03 1.5759e+03 1.3236e+03 1.3712e+03
  45.5000 1.3056e+03 1.1205e+03 1.5274e+03 1.1220e+03 1.5262e+03 1.2826e+03 1.3285e+03
  45.7500 1.2652e+03 1.0862e+03 1.4794e+03 1.0876e+03 1.4783e+03 1.2430e+03 1.2872e+03
  46.0000 1.2261e+03 1.0530e+03 1.4331e+03 1.0544e+03 1.4321e+03 1.2048e+03 1.2473e+03
  46.2500 1.1885e+03 1.0210e+03 1.3885e+03 1.0223e+03 1.3875e+03 1.1679e+03 1.2089e+03
  46.5000 1.1521e+03 9.9014e+02 1.3454e+03 9.9135e+02 1.3444e+03 1.1323e+03 1.1718e+03
  46.7500 1.1170e+03 9.6029e+02 1.3039e+03 9.6146e+02 1.3029e+03 1.0979e+03 1.1359e+03
  47.0000 1.0831e+03 9.3146e+02 1.2638e+03 9.3258e+02 1.2628e+03 1.0647e+03 1.1013e+03
  47.2500 1.0503e+03 9.0360e+02 1.2251e+03 9.0468e+02 1.2242e+03 1.0326e+03 1.0679e+03
  47.5000 1.0187e+03 8.7668e+02 1.1877e+03 8.7772e+02 1.1868e+03 1.0016e+03 1.0357e+03
  47.7500 9.8819e+02 8.5067e+02 1.1516e+03 8.5166e+02 1.1508e+03 9.7170e+02 1.0045e+03
  48.0000 9.5867e+02 8.2553e+02 1.1167e+03 8.2649e+02 1.1160e+03 9.4277e+02 9.7443e+02
  48.2500 9.3015e+02 8.0123e+02 1.0831e+03 8.0215e+02 1.0823e+03 9.1482e+02 9.4535e+02
  48.5000 9.0259e+02 7.7774e+02 1.0506e+03 7.7862e+02 1.0498e+03 8.8780e+02 9.1725e+02
  48.7500 8.7595e+02 7.5502e+02 1.0191e+03 7.5586e+02 1.0184e+03 8.6168e+02 8.9009e+02
  49.0000 8.5020e+02 7.3305e+02 9.8878e+02 7.3386e+02 9.8810e+02 8.3642e+02 8.6384e+02
  49.2500 8.2529e+02 7.1180e+02 9.5943e+02 7.1258e+02 9.5878e+02 8.1200e+02 8.3846e+02
  49.5000 8.0121e+02 6.9125e+02 9.3107e+02 6.9200e+02 9.3045e+02 7.8838e+02 8.1393e+02
  49.7500 7.7792e+02 6.7137e+02 9.0365e+02 6.7209e+02 9.0305e+02 7.6553e+02 7.9020e+02
  50.0000 7.5540e+02 6.5213e+02 8.7713e+02 6.5282e+02 8.7656e+02 7.4343e+02 7.6725e+02
  50.2500 7.3361e+02 6.3351e+02 8.5150e+02 6.3418e+02 8.5094e+02 7.2205e+02 7.4505e+02
  50.5000 7.1252e+02 6.1549e+02 8.2671e+02 6.1613e+02 8.2617e+02 7.0136e+02 7.2358e+02
  50.7500 6.9212e+02 5.9805e+02 8.0273e+02 5.9867e+02 8.0222e+02 6.8134e+02 7.0280e+02
  51.0000 6.7238e+02 5.8116e+02 7.7954e+02 5.8176e+02 7.7905e+02 6.6196e+02 6.8270e+02
  51.2500 6.5328e+02 5.6481e+02 7.5711e+02 5.6539e+02 7.5663e+02 6.4321e+02 6.6325e+02
  51.5000 6.3478e+02 5.4898e+02 7.3541e+02 5.4954e+02 7.3494e+02 6.2505e+02 6.4442e+02
  51.7500 6.1688e+02 5.3365e+02 7.1441e+02 5.3419e+02 7.1396e+02 6.0747e+02 6.2620e+02
  52.0000 5.9955e+02 5.1881e+02 6.9408e+02 5.1932e+02 6.9365e+02 5.9045e+02 6.0855e+02
  52.2500 5.8276e+02 5.0442e+02 6.7441e+02 5.0492e+02 6.7400e+02 5.7397e+02 5.9147e+02
  52.5000 5.6651e+02 4.9049e+02 6.5537e+02 4.9097e+02 6.5497e+02 5.5800e+02 5.7493e+02
  52.7500 5.5076e+02 4.7699e+02 6.3693e+02 4.7745e+02 6.3655e+02 5.4254e+02 5.5891e+02
  53.0000 5.3551e+02 4.6391e+02 6.1909e+02 4.6435e+02 6.1871e+02 5.2756e+02 5.4340e+02
  53.2500 5.2074e+02 4.5123e+02 6.0180e+02 4.5166e+02 6.0144e+02 5.1304e+02 5.2837e+02
  53.5000 5.0643e+02 4.3895e+02 5.8506e+02 4.3936e+02 5.8472e+02 4.9898e+02 5.1381e+02
  53.7500 4.9256e+02 4.2703e+02 5.6885e+02 4.2743e+02 5.6852e+02 4.8535e+02 4.9970e+02
  54.0000 4.7912e+02 4.1549e+02 5.5315e+02 4.1587e+02 5.5282e+02 4.7214e+02 4.8603e+02
  54.2500 4.6609e+02 4.0429e+02 5.3793e+02 4.0467e+02 5.3762e+02 4.5933e+02 4.7278e+02
  54.5000 4.5346e+02 3.9344e+02 5.2319e+02 3.9380e+02 5.2288e+02 4.4692e+02 4.5994e+02
  54.7500 4.4122e+02 3.8291e+02 5.0890e+02 3.8326e+02 5.0861e+02 4.3488e+02 4.4749e+02
  55.0000 4.2935e+02 3.7270e+02 4.9505e+02 3.7304e+02 4.9477e+02 4.2321e+02 4.3542e+02
  55.2500 4.1784e+02 3.6274e+02 4.8163e+02 3.6306e+02 4.8136e+02 4.1190e+02 4.2372e+02
  55.5000 4.0668e+02 3.5308e+02 4.6862e+02 3.5339e+02 4.6836e+02 4.0092e+02 4.1238e+02
  55.7500 3.9585e+02 3.4370e+02 4.5601e+02 3.4400e+02 4.5575e+02 3.9027e+02 4.0137e+02
  56.0000 3.8535e+02 3.3461e+02 4.4378e+02 3.3490e+02 4.4353e+02 3.7994e+02 3.9070e+02
  56.2500 3.7516e+02 3.2579e+02 4.3192e+02 3.2607e+02 4.3168e+02 3.6993e+02 3.8035e+02
  56.5000 3.6528e+02 3.1723e+02 4.2041e+02 3.1750e+02 4.2019e+02 3.6020e+02 3.7031e+02
  56.7500 3.5569e+02 3.0892e+02 4.0926e+02 3.0918e+02 4.0904e+02 3.5077e+02 3.6056e+02
  57.0000 3.4638e+02 3.0086e+02 3.9843e+02 3.0111e+02 3.9822e+02 3.4161e+02 3.5110e+02
  57.2500 3.3735e+02 2.9303e+02 3.8793e+02 2.9327e+02 3.8772e+02 3.3272e+02 3.4193e+02
  57.5000 3.2858e+02 2.8543e+02 3.7774e+02 2.8567e+02 3.7754e+02 3.2410e+02 3.3302e+02
  57.7500 3.2007e+02 2.7806e+02 3.6785e+02 2.7828e+02 3.6766e+02 3.1572e+02 3.2438e+02
  58.0000 3.1181e+02 2.7090e+02 3.5826e+02 2.7112e+02 3.5807e+02 3.0759e+02 3.1598e+02
  58.2500 3.0378e+02 2.6394e+02 3.4894e+02 2.6415e+02 3.4876e+02 2.9969e+02 3.0784e+02
  58.5000 2.9599e+02 2.5719e+02 3.3990e+02 2.5739e+02 3.3973e+02 2.9202e+02 2.9992e+02
  58.7500 2.8842e+02 2.5063e+02 3.3112e+02 2.5083e+02 3.3095e+02 2.8457e+02 2.9224e+02
  59.0000 2.8107e+02 2.4426e+02 3.2260e+02 2.4445e+02 3.2243e+02 2.7734e+02 2.8478e+02
  59.2500 2.7394e+02 2.3807e+02 3.1432e+02 2.3825e+02 3.1416e+02 2.7031e+02 2.7753e+02
  59.5000 2.6700e+02 2.3206e+02 3.0628e+02 2.3223e+02 3.0613e+02 2.6348e+02 2.7049e+02
  59.7500 2.6026e+02 2.2621e+02 2.9847e+02 2.2638e+02 2.9832e+02 2.5685e+02 2.6365e+02
  60.0000 2.5372e+02 2.2053e+02 2.9089e+02 2.2070e+02 2.9074e+02 2.5040e+02 2.5700e+02
  60.2500 2.4735e+02 2.1502e+02 2.8352e+02 2.1518e+02 2.8338e+02 2.4413e+02 2.5055e+02
  60.5000 2.4117e+02 2.0965e+02 2.7636e+02 2.0981e+02 2.7622e+02 2.3804e+02 2.4427e+02
  60.7500 2.3516e+02 2.0444e+02 2.6940e+02 2.0459e+02 2.6927e+02 2.3212e+02 2.3817e+02
  61.0000 2.2932e+02 1.9937e+02 2.6264e+02 1.9952e+02 2.6251e+02 2.2637e+02 2.3224e+02
  61.2500 2.2364e+02 1.9444e+02 2.5607e+02 1.9458e+02 2.5594e+02 2.2077e+02 2.2648e+02
  61.5000 2.1812e+02 1.8965e+02 2.4968e+02 1.8979e+02 2.4956e+02 2.1533e+02 2.2088e+02
  61.7500 2.1275e+02 1.8499e+02 2.4347e+02 1.8512e+02 2.4335e+02 2.1004e+02 2.1543e+02
  62.0000 2.0752e+02 1.8046e+02 2.3744e+02 1.8059e+02 2.3732e+02 2.0489e+02 2.1013e+02
  62.2500 2.0245e+02 1.7606e+02 2.3157e+02 1.7618e+02 2.3146e+02 1.9989e+02 2.0498e+02
  62.5000 1.9751e+02 1.7177e+02 2.2587e+02 1.7189e+02 2.2576e+02 1.9503e+02 1.9997e+02
  62.7500 1.9271e+02 1.6760e+02 2.2032e+02 1.6772e+02 2.2022e+02 1.9029e+02 1.9510e+02
  63.0000 1.8804e+02 1.6355e+02 2.1493e+02 1.6366e+02 2.1483e+02 1.8569e+02 1.9037e+02
  63.2500 1.8350e+02 1.5961e+02 2.0968e+02 1.5972e+02 2.0959e+02 1.8121e+02 1.8576e+02
  63.5000 1.7907e+02 1.5577e+02 2.0458e+02 1.5588e+02 2.0449e+02 1.7686e+02 1.8128e+02
  63.7500 1.7478e+02 1.5204e+02 1.9962e+02 1.5214e+02 1.9953e+02 1.7262e+02 1.7692e+02
  64.0000 1.7059e+02 1.4840e+02 1.9480e+02 1.4850e+02 1.9471e+02 1.6849e+02 1.7267e+02
  64.2500 1.6652e+02 1.4487e+02 1.9011e+02 1.4496e+02 1.9002e+02 1.6448e+02 1.6855e+02
  64.5000 1.6256e+02 1.4143e+02 1.8554e+02 1.4152e+02 1.8546e+02 1.6057e+02 1.6453e+02
  64.7500 1.5870e+02 1.3808e+02 1.8110e+02 1.3817e+02 1.8101e+02 1.5677e+02 1.6062e+02
  65.0000 1.5495e+02 1.3482e+02 1.7677e+02 1.3491e+02 1.7669e+02 1.5307e+02 1.5681e+02
  65.2500 1.5129e+02 1.3164e+02 1.7257e+02 1.3173e+02 1.7249e+02 1.4947e+02 1.5311e+02
  65.5000 1.4774e+02 1.2855e+02 1.6847e+02 1.2864e+02 1.6840e+02 1.4596e+02 1.4950e+02
  65.7500 1.4428e+02 1.2555e+02 1.6449e+02 1.2563e+02 1.6441e+02 1.4254e+02 1.4600e+02
  66.0000 1.4090e+02 1.2262e+02 1.6061e+02 1.2269e+02 1.6054e+02 1.3922e+02 1.4258e+02
  66.2500 1.3762e+02 1.1976e+02 1.5683e+02 1.1984e+02 1.5676e+02 1.3598e+02 1.3925e+02
  66.5000 1.3442e+02 1.1699e+02 1.5316e+02 1.1706e+02 1.5309e+02 1.3282e+02 1.3601e+02
  66.7500 1.3131e+02 1.1428e+02 1.4958e+02 1.1435e+02 1.4951e+02 1.2975e+02 1.3286e+02
  67.0000 1.2828e+02 1.1165e+02 1.4609e+02 1.1172e+02 1.4603e+02 1.2676e+02 1.2978e+02
  67.2500 1.2532e+02 1.0908e+02 1.4270e+02 1.0915e+02 1.4264e+02 1.2385e+02 1.2679e+02
  67.5000 1.2245e+02 1.0658e+02 1.3940e+02 1.0664e+02 1.3934e+02 1.2101e+02 1.2388e+02
  67.7500 1.1964e+02 1.0414e+02 1.3618e+02 1.0421e+02 1.3612e+02 1.1824e+02 1.2104e+02
  68.0000 1.1691e+02 1.0177e+02 1.3304e+02 1.0183e+02 1.3299e+02 1.1555e+02 1.1827e+02
  68.2500 1.1425e+02 9.9456e+01 1.2999e+02 9.9516e+01 1.2993e+02 1.1292e+02 1.1557e+02
  68.5000 1.1166e+02 9.7202e+01 1.2701e+02 9.7260e+01 1.2696e+02 1.1036e+02 1.1295e+02
  68.7500 1.0913e+02 9.5005e+01 1.2412e+02 9.5062e+01 1.2407e+02 1.0787e+02 1.1039e+02
  69.0000 1.0667e+02 9.2864e+01 1.2130e+02 9.2919e+01 1.2125e+02 1.0544e+02 1.0789e+02
  69.2500 1.0427e+02 9.0778e+01 1.1856e+02 9.0831e+01 1.1851e+02 1.0307e+02 1.0546e+02
  69.5000 1.0193e+02 8.8743e+01 1.1588e+02 8.8795e+01 1.1583e+02 1.0076e+02 1.0309e+02
  69.7500 9.9650e+01 8.6760e+01 1.1327e+02 8.6811e+01 1.1322e+02 9.8512e+01 1.0078e+02
  70.0000 9.7427e+01 8.4827e+01 1.1073e+02 8.4876e+01 1.1068e+02 9.6317e+01 9.8531e+01
  70.2500 9.5259e+01 8.2942e+01 1.0825e+02 8.2989e+01 1.0820e+02 9.4177e+01 9.6335e+01
  70.5000 9.3145e+01 8.1104e+01 1.0583e+02 8.1150e+01 1.0579e+02 9.2090e+01 9.4195e+01
  70.7500 9.1084e+01 7.9311e+01 1.0348e+02 7.9356e+01 1.0344e+02 9.0056e+01 9.2108e+01
  71.0000 8.9074e+01 7.7563e+01 1.0118e+02 7.7607e+01 1.0114e+02 8.8071e+01 9.0073e+01
  71.2500 8.7114e+01 7.5858e+01 9.8941e+01 7.5901e+01 9.8901e+01 8.6136e+01 8.8088e+01
  71.5000 8.5202e+01 7.4195e+01 9.6757e+01 7.4237e+01 9.6718e+01 8.4248e+01 8.6152e+01
  71.7500 8.3337e+01 7.2573e+01 9.4627e+01 7.2613e+01 9.4589e+01 8.2407e+01 8.4264e+01
  72.0000 8.1518e+01 7.0990e+01 9.2549e+01 7.1030e+01 9.2512e+01 8.0610e+01 8.2422e+01
  72.2500 7.9743e+01 6.9447e+01 9.0523e+01 6.9485e+01 9.0487e+01 7.8858e+01 8.0625e+01
  72.5000 7.8012e+01 6.7940e+01 8.8546e+01 6.7977e+01 8.8511e+01 7.7148e+01 7.8872e+01
  72.7500 7.6322e+01 6.6470e+01 8.6617e+01 6.6507e+01 8.6583e+01 7.5479e+01 7.7162e+01
  73.0000 7.4674e+01 6.5036e+01 8.4736e+01 6.5071e+01 8.4702e+01 7.3851e+01 7.5493e+01
  73.2500 7.3065e+01 6.3636e+01 8.2900e+01 6.3671e+01 8.2867e+01 7.2262e+01 7.3865e+01
  73.5000 7.1495e+01 6.2270e+01 8.1108e+01 6.2304e+01 8.1077e+01 7.0711e+01 7.2275e+01
  73.7500 6.9962e+01 6.0937e+01 7.9360e+01 6.0969e+01 7.9329e+01 6.9198e+01 7.0724e+01
  74.0000 6.8467e+01 5.9635e+01 7.7654e+01 5.9667e+01 7.7624e+01 6.7720e+01 6.9210e+01
  74.2500 6.7007e+01 5.8365e+01 7.5989e+01 5.8396e+01 7.5959e+01 6.6278e+01 6.7733e+01
  74.5000 6.5581e+01 5.7124e+01 7.4363e+01 5.7154e+01 7.4335e+01 6.4870e+01 6.6290e+01
  74.7500 6.4189e+01 5.5914e+01 7.2777e+01 5.5943e+01 7.2749e+01 6.3495e+01 6.4882e+01
  75.0000 6.2831e+01 5.4731e+01 7.1228e+01 5.4760e+01 7.1200e+01 6.2152e+01 6.3507e+01
  75.2500 6.1504e+01 5.3576e+01 6.9715e+01 5.3604e+01 6.9689e+01 6.0842e+01 6.2164e+01
  75.5000 6.0208e+01 5.2449e+01 6.8239e+01 5.2476e+01 6.8213e+01 5.9562e+01 6.0853e+01
  75.7500 5.8943e+01 5.1348e+01 6.6797e+01 5.1374e+01 6.6771e+01 5.8311e+01 5.9573e+01
  76.0000 5.7707e+01 5.0273e+01 6.5389e+01 5.0298e+01 6.5364e+01 5.7091e+01 5.8323e+01
  76.2500 5.6501e+01 4.9222e+01 6.4014e+01 4.9247e+01 6.3990e+01 5.5898e+01 5.7102e+01
  76.5000 5.5323e+01 4.8197e+01 6.2672e+01 4.8221e+01 6.2649e+01 5.4734e+01 5.5910e+01
  76.7500 5.4172e+01 4.7195e+01 6.1362e+01 4.7219e+01 6.1339e+01 5.3597e+01 5.4745e+01
  77.0000 5.3048e+01 4.6217e+01 6.0082e+01 4.6240e+01 6.0059e+01 5.2486e+01 5.3608e+01
  77.2500 5.1950e+01 4.5261e+01 5.8832e+01 4.5284e+01 5.8810e+01 5.1401e+01 5.2498e+01
  77.5000 5.0877e+01 4.4328e+01 5.7611e+01 4.4349e+01 5.7589e+01 5.0341e+01 5.1413e+01
  77.7500 4.9830e+01 4.3415e+01 5.6418e+01 4.3437e+01 5.6397e+01 4.9306e+01 5.0353e+01
  78.0000 4.8806e+01 4.2524e+01 5.5253e+01 4.2545e+01 5.5233e+01 4.8294e+01 4.9317e+01
  78.2500 4.7806e+01 4.1654e+01 5.4115e+01 4.1674e+01 5.4096e+01 4.7306e+01 4.8306e+01
  78.5000 4.6829e+01 4.0803e+01 5.3004e+01 4.0823e+01 5.2984e+01 4.6340e+01 4.7317e+01
  78.7500 4.5874e+01 3.9972e+01 5.1918e+01 3.9991e+01 5.1899e+01 4.5396e+01 4.6352e+01
  79.0000 4.4941e+01 3.9159e+01 5.0856e+01 3.9178e+01 5.0838e+01 4.4474e+01 4.5408e+01
  79.2500 4.4029e+01 3.8365e+01 4.9819e+01 3.8384e+01 4.9801e+01 4.3572e+01 4.4486e+01
  79.5000 4.3138e+01 3.7590e+01 4.8806e+01 3.7608e+01 4.8789e+01 4.2692e+01 4.3585e+01
  79.7500 4.2267e+01 3.6831e+01 4.7816e+01 3.6849e+01 4.7799e+01 4.1831e+01 4.2704e+01
  80.0000 4.1416e+01 3.6090e+01 4.6849e+01 3.6107e+01 4.6832e+01 4.0989e+01 4.1843e+01
  80.2500 4.0584e+01 3.5366e+01 4.5903e+01 3.5382e+01 4.5886e+01 4.0167e+01 4.1002e+01
  80.5000 3.9771e+01 3.4657e+01 4.4979e+01 3.4674e+01 4.4963e+01 3.9363e+01 4.0179e+01
  80.7500 3.8976e+01 3.3965e+01 4.4075e+01 3.3981e+01 4.4060e+01 3.8577e+01 3.9376e+01
  81.0000 3.8199e+01 3.3288e+01 4.3192e+01 3.3303e+01 4.3177e+01 3.7808e+01 3.8590e+01
  81.2500 3.7439e+01 3.2626e+01 4.2329e+01 3.2641e+01 4.2314e+01 3.7057e+01 3.7821e+01
  81.5000 3.6696e+01 3.1979e+01 4.1485e+01 3.1994e+01 4.1470e+01 3.6322e+01 3.7070e+01
  81.7500 3.5969e+01 3.1346e+01 4.0660e+01 3.1361e+01 4.0646e+01 3.5604e+01 3.6336e+01
  82.0000 3.5259e+01 3.0727e+01 3.9853e+01 3.0742e+01 3.9839e+01 3.4901e+01 3.5617e+01
  82.2500 3.4565e+01 3.0122e+01 3.9064e+01 3.0136e+01 3.9051e+01 3.4214e+01 3.4915e+01
  82.5000 3.3885e+01 2.9531e+01 3.8293e+01 2.9544e+01 3.8280e+01 3.3542e+01 3.4228e+01
  82.7500 3.3221e+01 2.8952e+01 3.7539e+01 2.8965e+01 3.7526e+01 3.2885e+01 3.3556e+01
  83.0000 3.2571e+01 2.8386e+01 3.6801e+01 2.8399e+01 3.6789e+01 3.2243e+01 3.2899e+01
  83.2500 3.1935e+01 2.7832e+01 3.6080e+01 2.7845e+01 3.6068e+01 3.1614e+01 3.2257e+01
  83.5000 3.1314e+01 2.7290e+01 3.5375e+01 2.7303e+01 3.5362e+01 3.0999e+01 3.1628e+01
  83.7500 3.0705e+01 2.6760e+01 3.4685e+01 2.6772e+01 3.4673e+01 3.0398e+01 3.1013e+01
  84.0000 3.0110e+01 2.6242e+01 3.4010e+01 2.6254e+01 3.3998e+01 2.9809e+01 3.0412e+01
  84.2500 2.9528e+01 2.5735e+01 3.3349e+01 2.5746e+01 3.3338e+01 2.9233e+01 2.9823e+01
  84.5000 2.8959e+01 2.5239e+01 3.2703e+01 2.5250e+01 3.2692e+01 2.8670e+01 2.9248e+01
  84.7500 2.8401e+01 2.4753e+01 3.2071e+01 2.4764e+01 3.2060e+01 2.8119e+01 2.8685e+01
  85.0000 2.7856e+01 2.4278e+01 3.1453e+01 2.4289e+01 3.1442e+01 2.7580e+01 2.8134e+01
  85.2500 2.7323e+01 2.3813e+01 3.0848e+01 2.3824e+01 3.0838e+01 2.7052e+01 2.7594e+01
  85.5000 2.6801e+01 2.3358e+01 3.0256e+01 2.3369e+01 3.0246e+01 2.6535e+01 2.7067e+01
  85.7500 2.6290e+01 2.2913e+01 2.9677e+01 2.2923e+01 2.9667e+01 2.6030e+01 2.6550e+01
  86.0000 2.5790e+01 2.2477e+01 2.9110e+01 2.2487e+01 2.9101e+01 2.5535e+01 2.6045e+01
  86.2500 2.5300e+01 2.2051e+01 2.8556e+01 2.2060e+01 2.8546e+01 2.5051e+01 2.5550e+01
  86.5000 2.4821e+01 2.1633e+01 2.8013e+01 2.1643e+01 2.8003e+01 2.4577e+01 2.5066e+01
  86.7500 2.4352e+01 2.1225e+01 2.7481e+01 2.1234e+01 2.7472e+01 2.4113e+01 2.4592e+01
  87.0000 2.3893e+01 2.0825e+01 2.6961e+01 2.0834e+01 2.6952e+01 2.3659e+01 2.4128e+01
  87.2500 2.3444e+01 2.0433e+01 2.6452e+01 2.0442e+01 2.6443e+01 2.3214e+01 2.3674e+01
  87.5000 2.3003e+01 2.0049e+01 2.5954e+01 2.0058e+01 2.5945e+01 2.2779e+01 2.3229e+01
  87.7500 2.2573e+01 1.9674e+01 2.5466e+01 1.9682e+01 2.5457e+01 2.2353e+01 2.2794e+01
  88.0000 2.2151e+01 1.9306e+01 2.4988e+01 1.9315e+01 2.4980e+01 2.1935e+01 2.2367e+01
  88.2500 2.1738e+01 1.8946e+01 2.4521e+01 1.8954e+01 2.4512e+01 2.1527e+01 2.1950e+01
  88.5000 2.1334e+01 1.8594e+01 2.4063e+01 1.8602e+01 2.4055e+01 2.1126e+01 2.1541e+01
  88.7500 2.0938e+01 1.8249e+01 2.3614e+01 1.8257e+01 2.3607e+01 2.0735e+01 2.1141e+01
  89.0000 2.0550e+01 1.7911e+01 2.3175e+01 1.7918e+01 2.3168e+01 2.0351e+01 2.0749e+01
  89.2500 2.0170e+01 1.7580e+01 2.2745e+01 1.7587e+01 2.2738e+01 1.9975e+01 2.0366e+01
  89.5000 1.9798e+01 1.7256e+01 2.2324e+01 1.7263e+01 2.2317e+01 1.9607e+01 1.9990e+01
  89.7500 1.9433e+01 1.6938e+01 2.1912e+01 1.6945e+01 2.1904e+01 1.9246e+01 1.9621e+01
  90.0000 1.9076e+01 1.6627e+01 2.1508e+01 1.6634e+01 2.1501e+01 1.8893e+01 1.9261e+01
  90.2500 1.8727e+01 1.6322e+01 2.1112e+01 1.6329e+01 2.1105e+01 1.8547e+01 1.8907e+01
  90.5000 1.8384e+01 1.6023e+01 2.0724e+01 1.6030e+01 2.0718e+01 1.8208e+01 1.8561e+01
  90.7500 1.8048e+01 1.5731e+01 2.0345e+01 1.5737e+01 2.0338e+01 1.7875e+01 1.8222e+01
  91.0000 1.7720e+01 1.5444e+01 1.9973e+01 1.5451e+01 1.9966e+01 1.7550e+01 1.7890e+01
  91.2500 1.7397e+01 1.5164e+01 1.9608e+01 1.5170e+01 1.9602e+01 1.7231e+01 1.7564e+01
  91.5000 1.7082e+01 1.4888e+01 1.9251e+01 1.4894e+01 1.9245e+01 1.6919e+01 1.7245e+01
  91.7500 1.6772e+01 1.4619e+01 1.8901e+01 1.4625e+01 1.8895e+01 1.6613e+01 1.6933e+01
  92.0000 1.6469e+01 1.4354e+01 1.8558e+01 1.4360e+01 1.8552e+01 1.6313e+01 1.6627e+01
  92.2500 1.6172e+01 1.4096e+01 1.8223e+01 1.4101e+01 1.8217e+01 1.6018e+01 1.6327e+01
  92.5000 1.5881e+01 1.3842e+01 1.7893e+01 1.3847e+01 1.7887e+01 1.5730e+01 1.6032e+01
  92.7500 1.5596e+01 1.3593e+01 1.7571e+01 1.3598e+01 1.7565e+01 1.5448e+01 1.5744e+01
  93.0000 1.5316e+01 1.3349e+01 1.7254e+01 1.3354e+01 1.7249e+01 1.5171e+01 1.5462e+01
  93.2500 1.5042e+01 1.3110e+01 1.6944e+01 1.3116e+01 1.6939e+01 1.4900e+01 1.5185e+01
  93.5000 1.4773e+01 1.2876e+01 1.6641e+01 1.2881e+01 1.6635e+01 1.4634e+01 1.4913e+01
  93.7500 1.4510e+01 1.2646e+01 1.6343e+01 1.2652e+01 1.6338e+01 1.4373e+01 1.4647e+01
  94.0000 1.4252e+01 1.2421e+01 1.6051e+01 1.2426e+01 1.6046e+01 1.4117e+01 1.4387e+01
  94.2500 1.3998e+01 1.2201e+01 1.5765e+01 1.2206e+01 1.5760e+01 1.3867e+01 1.4131e+01
  94.5000 1.3751e+01 1.1985e+01 1.5485e+01 1.1989e+01 1.5480e+01 1.3621e+01 1.3880e+01
  94.7500 1.3507e+01 1.1773e+01 1.5210e+01 1.1777e+01 1.5205e+01 1.3381e+01 1.3635e+01
  95.0000 1.3269e+01 1.1565e+01 1.4941e+01 1.1569e+01 1.4936e+01 1.3145e+01 1.3394e+01
  95.2500 1.3035e+01 1.1361e+01 1.4677e+01 1.1366e+01 1.4672e+01 1.2913e+01 1.3158e+01
  95.5000 1.2806e+01 1.1162e+01 1.4418e+01 1.1166e+01 1.4414e+01 1.2687e+01 1.2927e+01
  95.7500 1.2582e+01 1.0966e+01 1.4164e+01 1.0970e+01 1.4160e+01 1.2464e+01 1.2700e+01
  96.0000 1.2361e+01 1.0774e+01 1.3915e+01 1.0778e+01 1.3911e+01 1.2246e+01 1.2477e+01
  96.2500 1.2145e+01 1.0585e+01 1.3672e+01 1.0590e+01 1.3667e+01 1.2032e+01 1.2259e+01
  96.5000 1.1934e+01 1.0401e+01 1.3432e+01 1.0405e+01 1.3428e+01 1.1823e+01 1.2046e+01
  96.7500 1.1726e+01 1.0220e+01 1.3198e+01 1.0224e+01 1.3194e+01 1.1617e+01 1.1836e+01
  97.0000 1.1522e+01 1.0042e+01 1.2968e+01 1.0046e+01 1.2964e+01 1.1415e+01 1.1630e+01
  97.2500 1.1323e+01 9.8683e+00 1.2743e+01 9.8720e+00 1.2739e+01 1.1218e+01 1.1428e+01
  97.5000 1.1127e+01 9.6975e+00 1.2521e+01 9.7012e+00 1.2518e+01 1.1024e+01 1.1231e+01
  97.7500 1.0935e+01 9.5301e+00 1.2305e+01 9.5337e+00 1.2301e+01 1.0834e+01 1.1037e+01
  98.0000 1.0746e+01 9.3658e+00 1.2092e+01 9.3694e+00 1.2088e+01 1.0647e+01 1.0847e+01
  98.2500 1.0562e+01 9.2047e+00 1.1883e+01 9.2082e+00 1.1880e+01 1.0464e+01 1.0660e+01
  98.5000 1.0380e+01 9.0467e+00 1.1679e+01 9.0502e+00 1.1675e+01 1.0285e+01 1.0477e+01
  98.7500 1.0203e+01 8.8917e+00 1.1478e+01 8.8951e+00 1.1475e+01 1.0109e+01 1.0297e+01
  99.0000 1.0028e+01 8.7397e+00 1.1282e+01 8.7430e+00 1.1278e+01 9.9360e+00 1.0121e+01
  99.2500 9.8572e+00 8.5905e+00 1.1088e+01 8.5938e+00 1.1085e+01 9.7666e+00 9.9486e+00
  99.5000 9.6894e+00 8.4442e+00 1.0899e+01 8.4474e+00 1.0896e+01 9.6004e+00 9.7791e+00
  99.7500 9.5248e+00 8.3006e+00 1.0713e+01 8.3038e+00 1.0710e+01 9.4374e+00 9.6129e+00
 100.0000 9.3633e+00 8.1598e+00 1.0531e+01 8.1629e+00 1.0528e+01 9.2774e+00 9.4498e+00
 100.2500 9.2048e+00 8.0216e+00 1.0352e+01 8.0246e+00 1.0349e+01 9.1205e+00 9.2898e+00
 100.5000 9.0493e+00 7.8861e+00 1.0177e+01 7.8890e+00 1.0174e+01 8.9665e+00 9.1328e+00
 100.7500 8.8967e+00 7.7530e+00 1.0005e+01 7.7559e+00 1.0002e+01 8.8154e+00 8.9788e+00
 101.0000 8.7470e+00 7.6225e+00 9.8362e+00 7.6254e+00 9.8332e+00 8.6672e+00 8.8276e+00
 101.2500 8.6001e+00 7.4944e+00 9.6706e+00 7.4972e+00 9.6676e+00 8.5217e+00 8.6793e+00
 101.5000 8.4560e+00 7.3687e+00 9.5080e+00 7.3715e+00 9.5051e+00 8.3789e+00 8.5338e+00
 101.7500 8.3145e+00 7.2454e+00 9.3485e+00 7.2481e+00 9.3457e+00 8.2388e+00 8.3910e+00
 102.0000 8.1757e+00 7.1243e+00 9.1920e+00 7.1269e+00 9.1892e+00 8.1013e+00 8.2508e+00
 102.2500 8.0395e+00 7.0055e+00 9.0384e+00 7.0081e+00 9.0357e+00 7.9664e+00 8.1133e+00
 102.5000 7.9057e+00 6.8889e+00 8.8877e+00 6.8914e+00 8.8850e+00 7.8340e+00 7.9783e+00
 102.7500 7.7745e+00 6.7745e+00 8.7397e+00 6.7770e+00 8.7371e+00 7.7040e+00 7.8457e+00
 103.0000 7.6457e+00 6.6621e+00 8.5945e+00 6.6646e+00 8.5920e+00 7.5764e+00 7.7157e+00
 103.2500 7.5192e+00 6.5519e+00 8.4520e+00 6.5543e+00 8.4495e+00 7.4511e+00 7.5880e+00
 103.5000 7.3951e+00 6.4436e+00 8.3122e+00 6.4460e+00 8.3097e+00 7.3282e+00 7.4627e+00
 103.7500 7.2733e+00 6.3374e+00 8.1749e+00 6.3397e+00 8.1724e+00 7.2075e+00 7.3397e+00
 104.0000 7.1537e+00 6.2331e+00 8.0401e+00 6.2354e+00 8.0377e+00 7.0891e+00 7.2190e+00
 104.2500 7.0363e+00 6.1307e+00 7.9078e+00 6.1329e+00 7.9054e+00 6.9727e+00 7.1005e+00
 104.5000 6.9210e+00 6.0302e+00 7.7779e+00 6.0324e+00 7.7756e+00 6.8586e+00 6.9841e+00
 104.7500 6.8078e+00 5.9315e+00 7.6504e+00 5.9337e+00 7.6481e+00 6.7465e+00 6.8698e+00
 105.0000 6.6967e+00 5.8346e+00 7.5252e+00 5.8367e+00 7.5230e+00 6.6364e+00 6.7577e+00
 105.2500 6.5876e+00 5.7395e+00 7.4023e+00 5.7415e+00 7.4001e+00 6.5283e+00 6.6475e+00
 105.5000 6.4805e+00 5.6461e+00 7.2817e+00 5.6481e+00 7.2795e+00 6.4222e+00 6.5394e+00
 105.7500 6.3753e+00 5.5543e+00 7.1632e+00 5.5563e+00 7.1611e+00 6.3180e+00 6.4332e+00
 106.0000 6.2720e+00 5.4643e+00 7.0469e+00 5.4662e+00 7.0448e+00 6.2157e+00 6.3289e+00
 106.2500 6.1706e+00 5.3758e+00 6.9326e+00 5.3777e+00 6.9306e+00 6.1152e+00 6.2265e+00
 106.5000 6.0709e+00 5.2889e+00 6.8205e+00 5.2908e+00 6.8184e+00 6.0165e+00 6.1260e+00
 106.7500 5.9731e+00 5.2036e+00 6.7103e+00 5.2055e+00 6.7083e+00 5.9196e+00 6.0272e+00
 107.0000 5.8770e+00 5.1199e+00 6.6021e+00 5.1217e+00 6.6002e+00 5.8244e+00 5.9303e+00
 107.2500 5.7827e+00 5.0376e+00 6.4959e+00 5.0394e+00 6.4940e+00 5.7310e+00 5.8350e+00
 107.5000 5.6900e+00 4.9568e+00 6.3915e+00 4.9585e+00 6.3896e+00 5.6391e+00 5.7415e+00
 107.7500 5.5990e+00 4.8774e+00 6.2891e+00 4.8791e+00 6.2872e+00 5.5490e+00 5.6496e+00
 108.0000 5.5095e+00 4.7994e+00 6.1884e+00 4.8011e+00 6.1866e+00 5.4604e+00 5.5593e+00
 108.2500 5.4217e+00 4.7228e+00 6.0895e+00 4.7245e+00 6.0877e+00 5.3734e+00 5.4707e+00
 108.5000 5.3354e+00 4.6476e+00 5.9924e+00 4.6492e+00 5.9906e+00 5.2879e+00 5.3836e+00
 108.7500 5.2507e+00 4.5737e+00 5.8970e+00 4.5753e+00 5.8953e+00 5.2039e+00 5.2980e+00
 109.0000 5.1674e+00 4.5011e+00 5.8033e+00 4.5027e+00 5.8016e+00 5.1214e+00 5.2140e+00
 109.2500 5.0856e+00 4.4297e+00 5.7112e+00 4.4313e+00 5.7096e+00 5.0404e+00 5.1314e+00
 109.5000 5.0052e+00 4.3597e+00 5.6208e+00 4.3612e+00 5.6191e+00 4.9607e+00 5.0503e+00
 109.7500 4.9263e+00 4.2908e+00 5.5319e+00 4.2923e+00 5.5303e+00 4.8825e+00 4.9706e+00
 110.0000 4.8487e+00 4.2231e+00 5.4446e+00 4.2246e+00 5.4430e+00 4.8056e+00 4.8923e+00
 110.2500 4.7724e+00 4.1567e+00 5.3588e+00 4.1581e+00 5.3573e+00 4.7301e+00 4.8153e+00
 110.5000 4.6975e+00 4.0914e+00 5.2745e+00 4.0928e+00 5.2730e+00 4.6559e+00 4.7397e+00
 110.7500 4.6239e+00 4.0272e+00 5.1917e+00 4.0286e+00 5.1902e+00 4.5830e+00 4.6654e+00
 111.0000 4.5516e+00 3.9641e+00 5.1103e+00 3.9655e+00 5.1088e+00 4.5113e+00 4.5924e+00
 111.2500 4.4805e+00 3.9021e+00 5.0303e+00 3.9035e+00 5.0289e+00 4.4409e+00 4.5206e+00
 111.5000 4.4106e+00 3.8412e+00 4.9518e+00 3.8425e+00 4.9503e+00 4.3716e+00 4.4501e+00
 111.7500 4.3420e+00 3.7813e+00 4.8745e+00 3.7826e+00 4.8731e+00 4.3036e+00 4.3808e+00
 112.0000 4.2745e+00 3.7225e+00 4.7986e+00 3.7238e+00 4.7972e+00 4.2367e+00 4.3127e+00
 112.2500 4.2081e+00 3.6647e+00 4.7240e+00 3.6659e+00 4.7226e+00 4.1710e+00 4.2458e+00
 112.5000 4.1429e+00 3.6078e+00 4.6507e+00 3.6091e+00 4.6493e+00 4.1064e+00 4.1800e+00
 112.7500 4.0789e+00 3.5520e+00 4.5786e+00 3.5532e+00 4.5772e+00 4.0429e+00 4.1153e+00
 113.0000 4.0159e+00 3.4970e+00 4.5077e+00 3.4982e+00 4.5064e+00 3.9805e+00 4.0517e+00
 113.2500 3.9539e+00 3.4430e+00 4.4381e+00 3.4442e+00 4.4368e+00 3.9191e+00 3.9892e+00
 113.5000 3.8931e+00 3.3900e+00 4.3696e+00 3.3911e+00 4.3683e+00 3.8588e+00 3.9278e+00
 113.7500 3.8332e+00 3.3378e+00 4.3023e+00 3.3390e+00 4.3011e+00 3.7995e+00 3.8674e+00
 114.0000 3.7744e+00 3.2865e+00 4.2361e+00 3.2876e+00 4.2349e+00 3.7412e+00 3.8080e+00
 114.2500 3.7165e+00 3.2361e+00 4.1711e+00 3.2372e+00 4.1699e+00 3.6839e+00 3.7496e+00
 114.5000 3.6596e+00 3.1865e+00 4.1071e+00 3.1876e+00 4.1059e+00 3.6275e+00 3.6922e+00
 114.7500 3.6037e+00 3.1377e+00 4.0442e+00 3.1388e+00 4.0431e+00 3.5721e+00 3.6358e+00
 115.0000 3.5487e+00 3.0898e+00 3.9824e+00 3.0909e+00 3.9813e+00 3.5176e+00 3.5803e+00
 115.2500 3.4947e+00 3.0427e+00 3.9217e+00 3.0438e+00 3.9205e+00 3.4641e+00 3.5258e+00
 115.5000 3.4415e+00 2.9964e+00 3.8619e+00 2.9974e+00 3.8608e+00 3.4114e+00 3.4721e+00
 115.7500 3.3893e+00 2.9508e+00 3.8032e+00 2.9518e+00 3.8021e+00 3.3596e+00 3.4194e+00
 116.0000 3.3379e+00 2.9061e+00 3.7454e+00 2.9070e+00 3.7443e+00 3.3087e+00 3.3676e+00
 116.2500 3.2874e+00 2.8620e+00 3.6886e+00 2.8630e+00 3.6876e+00 3.2587e+00 3.3166e+00
 116.5000 3.2377e+00 2.8187e+00 3.6328e+00 2.8197e+00 3.6317e+00 3.2094e+00 3.2664e+00
 116.7500 3.1889e+00 2.7761e+00 3.5779e+00 2.7771e+00 3.5768e+00 3.1610e+00 3.2172e+00
 117.0000 3.1408e+00 2.7343e+00 3.5239e+00 2.7352e+00 3.5229e+00 3.1134e+00 3.1687e+00
 117.2500 3.0936e+00 2.6931e+00 3.4708e+00 2.6940e+00 3.4698e+00 3.0666e+00 3.1210e+00
 117.5000 3.0472e+00 2.6526e+00 3.4186e+00 2.6535e+00 3.4176e+00 3.0206e+00 3.0741e+00
 117.7500 3.0015e+00 2.6128e+00 3.3673e+00 2.6137e+00 3.3663e+00 2.9753e+00 3.0280e+00
 118.0000 2.9566e+00 2.5736e+00 3.3168e+00 2.5745e+00 3.3158e+00 2.9308e+00 2.9827e+00
 118.2500 2.9124e+00 2.5351e+00 3.2671e+00 2.5360e+00 3.2662e+00 2.8870e+00 2.9381e+00
 118.5000 2.8689e+00 2.4973e+00 3.2183e+00 2.4981e+00 3.2174e+00 2.8439e+00 2.8943e+00
 118.7500 2.8262e+00 2.4600e+00 3.1703e+00 2.4608e+00 3.1694e+00 2.8016e+00 2.8512e+00
 119.0000 2.7841e+00 2.4234e+00 3.1231e+00 2.4242e+00 3.1222e+00 2.7599e+00 2.8087e+00
 119.2500 2.7428e+00 2.3873e+00 3.0766e+00 2.3881e+00 3.0757e+00 2.7189e+00 2.7670e+00
 119.5000 2.7021e+00 2.3519e+00 3.0309e+00 2.3527e+00 3.0301e+00 2.6786e+00 2.7260e+00
 119.7500 2.6621e+00 2.3170e+00 2.9860e+00 2.3178e+00 2.9851e+00 2.6390e+00 2.6856e+00
 120.0000 2.6228e+00 2.2827e+00 2.9418e+00 2.2835e+00 2.9409e+00 2.6000e+00 2.6459e+00
 120.2500 2.5841e+00 2.2490e+00 2.8983e+00 2.2498e+00 2.8975e+00 2.5616e+00 2.6069e+00
 120.5000 2.5460e+00 2.2158e+00 2.8555e+00 2.2166e+00 2.8547e+00 2.5239e+00 2.5684e+00
 120.7500 2.5085e+00 2.1832e+00 2.8135e+00 2.1839e+00 2.8127e+00 2.4868e+00 2.5307e+00
 121.0000 2.4717e+00 2.1511e+00 2.7721e+00 2.1518e+00 2.7713e+00 2.4503e+00 2.4935e+00
 121.2500 2.4354e+00 2.1195e+00 2.7314e+00 2.1202e+00 2.7306e+00 2.4143e+00 2.4569e+00
 121.5000 2.3998e+00 2.0884e+00 2.6913e+00 2.0891e+00 2.6906e+00 2.3790e+00 2.4209e+00
 121.7500 2.3647e+00 2.0578e+00 2.6519e+00 2.0585e+00 2.6512e+00 2.3442e+00 2.3855e+00
 122.0000 2.3302e+00 2.0277e+00 2.6132e+00 2.0284e+00 2.6124e+00 2.3100e+00 2.3507e+00
 122.2500 2.2962e+00 1.9981e+00 2.5750e+00 1.9988e+00 2.5743e+00 2.2763e+00 2.3164e+00
 122.5000 2.2628e+00 1.9690e+00 2.5375e+00 1.9697e+00 2.5368e+00 2.2432e+00 2.2827e+00
 122.7500 2.2299e+00 1.9404e+00 2.5006e+00 1.9410e+00 2.4999e+00 2.2106e+00 2.2496e+00
 123.0000 2.1976e+00 1.9122e+00 2.4643e+00 1.9128e+00 2.4636e+00 2.1786e+00 2.2169e+00
 123.2500 2.1657e+00 1.8844e+00 2.4286e+00 1.8851e+00 2.4279e+00 2.1470e+00 2.1848e+00
 123.5000 2.1344e+00 1.8572e+00 2.3934e+00 1.8578e+00 2.3927e+00 2.1160e+00 2.1532e+00
 123.7500 2.1036e+00 1.8303e+00 2.3588e+00 1.8309e+00 2.3581e+00 2.0854e+00 2.1221e+00
 124.0000 2.0733e+00 1.8039e+00 2.3247e+00 1.8045e+00 2.3241e+00 2.0554e+00 2.0915e+00
 124.2500 2.0434e+00 1.7779e+00 2.2912e+00 1.7785e+00 2.2906e+00 2.0258e+00 2.0614e+00
 124.5000 2.0141e+00 1.7523e+00 2.2583e+00 1.7529e+00 2.2576e+00 1.9967e+00 2.0318e+00
 124.7500 1.9851e+00 1.7271e+00 2.2258e+00 1.7277e+00 2.2252e+00 1.9680e+00 2.0026e+00
 125.0000 1.9567e+00 1.7023e+00 2.1939e+00 1.7029e+00 2.1933e+00 1.9398e+00 1.9739e+00
 125.2500 1.9287e+00 1.6779e+00 2.1625e+00 1.6785e+00 2.1619e+00 1.9121e+00 1.9457e+00
 125.5000 1.9011e+00 1.6539e+00 2.1316e+00 1.6544e+00 2.1310e+00 1.8848e+00 1.9179e+00
 125.7500 1.8740e+00 1.6303e+00 2.1011e+00 1.6308e+00 2.1005e+00 1.8579e+00 1.8905e+00
 126.0000 1.8474e+00 1.6070e+00 2.0712e+00 1.6076e+00 2.0706e+00 1.8314e+00 1.8636e+00
 126.2500 1.8211e+00 1.5841e+00 2.0417e+00 1.5846e+00 2.0411e+00 1.8054e+00 1.8371e+00
 126.5000 1.7952e+00 1.5616e+00 2.0127e+00 1.5621e+00 2.0121e+00 1.7798e+00 1.8110e+00
 126.7500 1.7698e+00 1.5394e+00 1.9841e+00 1.5399e+00 1.9836e+00 1.7545e+00 1.7853e+00
 127.0000 1.7447e+00 1.5176e+00 1.9560e+00 1.5181e+00 1.9555e+00 1.7297e+00 1.7600e+00
 127.2500 1.7201e+00 1.4961e+00 1.9283e+00 1.4966e+00 1.9278e+00 1.7053e+00 1.7351e+00
 127.5000 1.6958e+00 1.4750e+00 1.9011e+00 1.4754e+00 1.9006e+00 1.6812e+00 1.7107e+00
 127.7500 1.6719e+00 1.4542e+00 1.8743e+00 1.4546e+00 1.8738e+00 1.6575e+00 1.6865e+00
 128.0000 1.6483e+00 1.4337e+00 1.8479e+00 1.4341e+00 1.8474e+00 1.6342e+00 1.6628e+00
 128.2500 1.6252e+00 1.4135e+00 1.8219e+00 1.4139e+00 1.8214e+00 1.6112e+00 1.6394e+00
 128.5000 1.6024e+00 1.3936e+00 1.7963e+00 1.3941e+00 1.7958e+00 1.5886e+00 1.6164e+00
 128.7500 1.5799e+00 1.3741e+00 1.7712e+00 1.3745e+00 1.7707e+00 1.5664e+00 1.5938e+00
 129.0000 1.5578e+00 1.3548e+00 1.7464e+00 1.3553e+00 1.7459e+00 1.5445e+00 1.5715e+00
 129.2500 1.5361e+00 1.3359e+00 1.7220e+00 1.3363e+00 1.7215e+00 1.5229e+00 1.5495e+00
 129.5000 1.5147e+00 1.3172e+00 1.6979e+00 1.3176e+00 1.6975e+00 1.5017e+00 1.5279e+00
 129.7500 1.4936e+00 1.2988e+00 1.6743e+00 1.2993e+00 1.6738e+00 1.4808e+00 1.5067e+00
 130.0000 1.4728e+00 1.2807e+00 1.6510e+00 1.2812e+00 1.6505e+00 1.4602e+00 1.4857e+00
 130.2500 1.4524e+00 1.2629e+00 1.6281e+00 1.2633e+00 1.6276e+00 1.4399e+00 1.4651e+00
 130.5000 1.4322e+00 1.2454e+00 1.6055e+00 1.2458e+00 1.6050e+00 1.4199e+00 1.4448e+00
 130.7500 1.4124e+00 1.2281e+00 1.5832e+00 1.2285e+00 1.5828e+00 1.4003e+00 1.4247e+00
 131.0000 1.3929e+00 1.2111e+00 1.5613e+00 1.2115e+00 1.5609e+00 1.3809e+00 1.4051e+00
 131.2500 1.3736e+00 1.1944e+00 1.5398e+00 1.1947e+00 1.5393e+00 1.3619e+00 1.3857e+00
 131.5000 1.3547e+00 1.1779e+00 1.5185e+00 1.1783e+00 1.5181e+00 1.3431e+00 1.3666e+00
 131.7500 1.3361e+00 1.1616e+00 1.4976e+00 1.1620e+00 1.4972e+00 1.3246e+00 1.3478e+00
 132.0000 1.3177e+00 1.1456e+00 1.4770e+00 1.1460e+00 1.4766e+00 1.3064e+00 1.3292e+00
 132.2500 1.2996e+00 1.1299e+00 1.4568e+00 1.1302e+00 1.4563e+00 1.2885e+00 1.3110e+00
 132.5000 1.2818e+00 1.1144e+00 1.4368e+00 1.1147e+00 1.4364e+00 1.2708e+00 1.2930e+00
 132.7500 1.2643e+00 1.0991e+00 1.4171e+00 1.0995e+00 1.4167e+00 1.2534e+00 1.2753e+00
 133.0000 1.2470e+00 1.0841e+00 1.3977e+00 1.0844e+00 1.3973e+00 1.2363e+00 1.2579e+00
 133.2500 1.2300e+00 1.0692e+00 1.3786e+00 1.0696e+00 1.3783e+00 1.2194e+00 1.2407e+00
 133.5000 1.2132e+00 1.0546e+00 1.3599e+00 1.0550e+00 1.3595e+00 1.2028e+00 1.2238e+00
 133.7500 1.1967e+00 1.0402e+00 1.3413e+00 1.0406e+00 1.3410e+00 1.1865e+00 1.2071e+00
 134.0000 1.1804e+00 1.0261e+00 1.3231e+00 1.0264e+00 1.3227e+00 1.1703e+00 1.1907e+00
 134.2500 1.1644e+00 1.0121e+00 1.3051e+00 1.0125e+00 1.3048e+00 1.1544e+00 1.1746e+00
 134.5000 1.1486e+00 9.9840e-01 1.2875e+00 9.9872e-01 1.2871e+00 1.1388e+00 1.1586e+00
 134.7500 1.1331e+00 9.8486e-01 1.2700e+00 9.8518e-01 1.2697e+00 1.1234e+00 1.1430e+00
 135.0000 1.1178e+00 9.7152e-01 1.2529e+00 9.7184e-01 1.2525e+00 1.1082e+00 1.1275e+00
 135.2500 1.1027e+00 9.5839e-01 1.2359e+00 9.5869e-01 1.2356e+00 1.0933e+00 1.1123e+00
 135.5000 1.0878e+00 9.4544e-01 1.2193e+00 9.4575e-01 1.2189e+00 1.0785e+00 1.0973e+00
 135.7500 1.0732e+00 9.3270e-01 1.2029e+00 9.3299e-01 1.2025e+00 1.0640e+00 1.0825e+00
 136.0000 1.0587e+00 9.2013e-01 1.1867e+00 9.2043e-01 1.1864e+00 1.0497e+00 1.0680e+00
 136.2500 1.0445e+00 9.0776e-01 1.1708e+00 9.0805e-01 1.1704e+00 1.0356e+00 1.0536e+00
 136.5000 1.0305e+00 8.9557e-01 1.1551e+00 8.9585e-01 1.1547e+00 1.0217e+00 1.0395e+00
 136.7500 1.0167e+00 8.8355e-01 1.1396e+00 8.8384e-01 1.1393e+00 1.0080e+00 1.0256e+00
 137.0000 1.0031e+00 8.7172e-01 1.1243e+00 8.7199e-01 1.1240e+00 9.9457e-01 1.0119e+00
 137.2500 9.8972e-01 8.6005e-01 1.1093e+00 8.6033e-01 1.1090e+00 9.8129e-01 9.9836e-01
 137.5000 9.7652e-01 8.4856e-01 1.0945e+00 8.4883e-01 1.0942e+00 9.6820e-01 9.8504e-01
 137.7500 9.6352e-01 8.3724e-01 1.0800e+00 8.3750e-01 1.0796e+00 9.5530e-01 9.7192e-01
 138.0000 9.5070e-01 8.2608e-01 1.0656e+00 8.2634e-01 1.0653e+00 9.4260e-01 9.5899e-01
 138.2500 9.3806e-01 8.1508e-01 1.0514e+00 8.1534e-01 1.0511e+00 9.3007e-01 9.4625e-01
 138.5000 9.2561e-01 8.0424e-01 1.0375e+00 8.0450e-01 1.0372e+00 9.1773e-01 9.3369e-01
 138.7500 9.1335e-01 7.9357e-01 1.0237e+00 7.9382e-01 1.0234e+00 9.0557e-01 9.2131e-01
 139.0000 9.0126e-01 7.8304e-01 1.0102e+00 7.8329e-01 1.0099e+00 8.9358e-01 9.0912e-01
 139.2500 8.8934e-01 7.7267e-01 9.9681e-01 7.7292e-01 9.9653e-01 8.8177e-01 8.9710e-01
 139.5000 8.7760e-01 7.6245e-01 9.8364e-01 7.6269e-01 9.8337e-01 8.7013e-01 8.8525e-01
 139.7500 8.6602e-01 7.5237e-01 9.7067e-01 7.5261e-01 9.7040e-01 8.5865e-01 8.7357e-01
 140.0000 8.5461e-01 7.4244e-01 9.5788e-01 7.4268e-01 9.5761e-01 8.4734e-01 8.6206e-01
 140.2500 8.4337e-01 7.3265e-01 9.4528e-01 7.3289e-01 9.4501e-01 8.3619e-01 8.5072e-01
 140.5000 8.3228e-01 7.2301e-01 9.3285e-01 7.2324e-01 9.3259e-01 8.2520e-01 8.3954e-01
 140.7500 8.2136e-01 7.1350e-01 9.2061e-01 7.1373e-01 9.2035e-01 8.1437e-01 8.2852e-01
 141.0000 8.1059e-01 7.0413e-01 9.0854e-01 7.0435e-01 9.0828e-01 8.0370e-01 8.1765e-01
 141.2500 7.9997e-01 6.9489e-01 8.9664e-01 6.9511e-01 8.9639e-01 7.9317e-01 8.0694e-01
 141.5000 7.8951e-01 6.8578e-01 8.8491e-01 6.8600e-01 8.8466e-01 7.8280e-01 7.9639e-01
 141.7500 7.7919e-01 6.7681e-01 8.7335e-01 6.7702e-01 8.7310e-01 7.7257e-01 7.8598e-01
 142.0000 7.6902e-01 6.6796e-01 8.6195e-01 6.6817e-01 8.6171e-01 7.6249e-01 7.7573e-01
 142.2500 7.5900e-01 6.5924e-01 8.5072e-01 6.5944e-01 8.5048e-01 7.5255e-01 7.6562e-01
 142.5000 7.4912e-01 6.5064e-01 8.3965e-01 6.5084e-01 8.3941e-01 7.4276e-01 7.5565e-01
 142.7500 7.3938e-01 6.4216e-01 8.2873e-01 6.4237e-01 8.2850e-01 7.3310e-01 7.4582e-01
 143.0000 7.2978e-01 6.3381e-01 8.1797e-01 6.3401e-01 8.1774e-01 7.2359e-01 7.3614e-01
 143.2500 7.2032e-01 6.2557e-01 8.0736e-01 6.2577e-01 8.0714e-01 7.1420e-01 7.2659e-01
 143.5000 7.1098e-01 6.1745e-01 7.9690e-01 6.1765e-01 7.9668e-01 7.0495e-01 7.1718e-01
 143.7500 7.0178e-01 6.0945e-01 7.8659e-01 6.0964e-01 7.8637e-01 6.9583e-01 7.0790e-01
 144.0000 6.9272e-01 6.0155e-01 7.7643e-01 6.0174e-01 7.7621e-01 6.8684e-01 6.9875e-01
 144.2500 6.8377e-01 5.9377e-01 7.6641e-01 5.9396e-01 7.6619e-01 6.7797e-01 6.8973e-01
 144.5000 6.7496e-01 5.8610e-01 7.5653e-01 5.8629e-01 7.5632e-01 6.6923e-01 6.8084e-01
 144.7500 6.6627e-01 5.7854e-01 7.4679e-01 5.7872e-01 7.4658e-01 6.6061e-01 6.7207e-01
 145.0000 6.5770e-01 5.7109e-01 7.3719e-01 5.7127e-01 7.3698e-01 6.5212e-01 6.6343e-01
 145.2500 6.4925e-01 5.6374e-01 7.2772e-01 5.6391e-01 7.2752e-01 6.4374e-01 6.5491e-01
 145.5000 6.4092e-01 5.5649e-01 7.1838e-01 5.5666e-01 7.1818e-01 6.3548e-01 6.4650e-01
 145.7500 6.3271e-01 5.4934e-01 7.0918e-01 5.4951e-01 7.0898e-01 6.2734e-01 6.3822e-01
 146.0000 6.2461e-01 5.4230e-01 7.0011e-01 5.4247e-01 6.9991e-01 6.1931e-01 6.3005e-01
 146.2500 6.1662e-01 5.3535e-01 6.9116e-01 5.3552e-01 6.9096e-01 6.1139e-01 6.2200e-01
 146.5000 6.0875e-01 5.2850e-01 6.8234e-01 5.2867e-01 6.8214e-01 6.0359e-01 6.1405e-01
 146.7500 6.0099e-01 5.2174e-01 6.7364e-01 5.2191e-01 6.7345e-01 5.9589e-01 6.0622e-01
 147.0000 5.9333e-01 5.1508e-01 6.6506e-01 5.1525e-01 6.6487e-01 5.8830e-01 5.9850e-01
 147.2500 5.8578e-01 5.0852e-01 6.5660e-01 5.0868e-01 6.5641e-01 5.8081e-01 5.9089e-01
 147.5000 5.7834e-01 5.0204e-01 6.4826e-01 5.0220e-01 6.4808e-01 5.7344e-01 5.8338e-01
 147.7500 5.7100e-01 4.9566e-01 6.4003e-01 4.9581e-01 6.3985e-01 5.6616e-01 5.7598e-01
 148.0000 5.6376e-01 4.8936e-01 6.3192e-01 4.8951e-01 6.3175e-01 5.5898e-01 5.6867e-01
 148.2500 5.5662e-01 4.8315e-01 6.2393e-01 4.8330e-01 6.2375e-01 5.5190e-01 5.6147e-01
 148.5000 5.4958e-01 4.7703e-01 6.1604e-01 4.7718e-01 6.1587e-01 5.4492e-01 5.5437e-01
 148.7500 5.4264e-01 4.7099e-01 6.0826e-01 4.7114e-01 6.0809e-01 5.3804e-01 5.4737e-01
 149.0000 5.3580e-01 4.6503e-01 6.0059e-01 4.6518e-01 6.0042e-01 5.3125e-01 5.4047e-01
 149.2500 5.2904e-01 4.5916e-01 5.9303e-01 4.5931e-01 5.9286e-01 5.2456e-01 5.3366e-01
 149.5000 5.2239e-01 4.5337e-01 5.8557e-01 4.5351e-01 5.8540e-01 5.1796e-01 5.2694e-01
 149.7500 5.1582e-01 4.4766e-01 5.7821e-01 4.4780e-01 5.7805e-01 5.1145e-01 5.2032e-01
 150.0000 5.0934e-01 4.4202e-01 5.7095e-01 4.4216e-01 5.7079e-01 5.0503e-01 5.1379e-01
 150.2500 5.0296e-01 4.3647e-01 5.6380e-01 4.3661e-01 5.6364e-01 4.9869e-01 5.0734e-01
 150.5000 4.9666e-01 4.3099e-01 5.5674e-01 4.3112e-01 5.5658e-01 4.9245e-01 5.0099e-01
 150.7500 4.9044e-01 4.2559e-01 5.4978e-01 4.2572e-01 5.4962e-01 4.8629e-01 4.9472e-01
 151.0000 4.8432e-01 4.2026e-01 5.4291e-01 4.2039e-01 5.4276e-01 4.8021e-01 4.8854e-01
 151.2500 4.7827e-01 4.1500e-01 5.3614e-01 4.1513e-01 5.3599e-01 4.7422e-01 4.8244e-01
 151.5000 4.7231e-01 4.0981e-01 5.2946e-01 4.0994e-01 5.2931e-01 4.6831e-01 4.7643e-01
 151.7500 4.6643e-01 4.0470e-01 5.2287e-01 4.0483e-01 5.2272e-01 4.6248e-01 4.7050e-01
 152.0000 4.6063e-01 3.9966e-01 5.1637e-01 3.9978e-01 5.1623e-01 4.5672e-01 4.6465e-01
 152.2500 4.5491e-01 3.9468e-01 5.0996e-01 3.9481e-01 5.0982e-01 4.5105e-01 4.5888e-01
 152.5000 4.4927e-01 3.8977e-01 5.0364e-01 3.8990e-01 5.0350e-01 4.4546e-01 4.5319e-01
 152.7500 4.4370e-01 3.8493e-01 4.9741e-01 3.8505e-01 4.9727e-01 4.3994e-01 4.4757e-01
 153.0000 4.3821e-01 3.8016e-01 4.9125e-01 3.8028e-01 4.9112e-01 4.3449e-01 4.4203e-01
 153.2500 4.3279e-01 3.7545e-01 4.8519e-01 3.7557e-01 4.8505e-01 4.2912e-01 4.3657e-01
 153.5000 4.2745e-01 3.7080e-01 4.7920e-01 3.7092e-01 4.7907e-01 4.2382e-01 4.3118e-01
 153.7500 4.2218e-01 3.6622e-01 4.7330e-01 3.6633e-01 4.7316e-01 4.1860e-01 4.2586e-01
 154.0000 4.1698e-01 3.6170e-01 4.6747e-01 3.6181e-01 4.6734e-01 4.1344e-01 4.2062e-01
 154.2500 4.1185e-01 3.5724e-01 4.6172e-01 3.5735e-01 4.6159e-01 4.0836e-01 4.1545e-01
 154.5000 4.0679e-01 3.5284e-01 4.5605e-01 3.5295e-01 4.5593e-01 4.0334e-01 4.1034e-01
 154.7500 4.0180e-01 3.4850e-01 4.5046e-01 3.4861e-01 4.5033e-01 3.9839e-01 4.0531e-01
 155.0000 3.9687e-01 3.4421e-01 4.4494e-01 3.4432e-01 4.4482e-01 3.9350e-01 4.0034e-01
 155.2500 3.9201e-01 3.3999e-01 4.3950e-01 3.4010e-01 4.3938e-01 3.8869e-01 3.9544e-01
 155.5000 3.8722e-01 3.3582e-01 4.3413e-01 3.3593e-01 4.3401e-01 3.8393e-01 3.9060e-01
 155.7500 3.8249e-01 3.3171e-01 4.2883e-01 3.3181e-01 4.2871e-01 3.7924e-01 3.8583e-01
 156.0000 3.7782e-01 3.2765e-01 4.2360e-01 3.2776e-01 4.2349e-01 3.7462e-01 3.8112e-01
 156.2500 3.7322e-01 3.2365e-01 4.1845e-01 3.2375e-01 4.1833e-01 3.7005e-01 3.7648e-01
 156.5000 3.6868e-01 3.1970e-01 4.1336e-01 3.1980e-01 4.1324e-01 3.6555e-01 3.7190e-01
 156.7500 3.6420e-01 3.1581e-01 4.0834e-01 3.1590e-01 4.0822e-01 3.6111e-01 3.6738e-01
 157.0000 3.5977e-01 3.1196e-01 4.0338e-01 3.1206e-01 4.0327e-01 3.5672e-01 3.6292e-01
 157.2500 3.5541e-01 3.0817e-01 3.9850e-01 3.0827e-01 3.9838e-01 3.5240e-01 3.5852e-01
 157.5000 3.5111e-01 3.0443e-01 3.9367e-01 3.0452e-01 3.9356e-01 3.4813e-01 3.5418e-01
 157.7500 3.4686e-01 3.0074e-01 3.8892e-01 3.0083e-01 3.8881e-01 3.4392e-01 3.4989e-01
 158.0000 3.4267e-01 2.9709e-01 3.8422e-01 2.9718e-01 3.8411e-01 3.3976e-01 3.4566e-01
 158.2500 3.3853e-01 2.9350e-01 3.7959e-01 2.9359e-01 3.7948e-01 3.3566e-01 3.4149e-01
 158.5000 3.3445e-01 2.8995e-01 3.7501e-01 2.9004e-01 3.7491e-01 3.3161e-01 3.3738e-01
 158.7500 3.3042e-01 2.8645e-01 3.7050e-01 2.8654e-01 3.7040e-01 3.2762e-01 3.3331e-01
 159.0000 3.2645e-01 2.8299e-01 3.6605e-01 2.8308e-01 3.6595e-01 3.2368e-01 3.2931e-01
 159.2500 3.2253e-01 2.7959e-01 3.6166e-01 2.7967e-01 3.6156e-01 3.1979e-01 3.2535e-01
 159.5000 3.1866e-01 2.7622e-01 3.5732e-01 2.7631e-01 3.5722e-01 3.1595e-01 3.2144e-01
 159.7500 3.1484e-01 2.7290e-01 3.5304e-01 2.7299e-01 3.5294e-01 3.1216e-01 3.1759e-01
 160.0000 3.1107e-01 2.6963e-01 3.4882e-01 2.6971e-01 3.4872e-01 3.0843e-01 3.1379e-01
 160.2500 3.0735e-01 2.6640e-01 3.4465e-01 2.6648e-01 3.4456e-01 3.0474e-01 3.1004e-01
 160.5000 3.0368e-01 2.6321e-01 3.4054e-01 2.6329e-01 3.4045e-01 3.0110e-01 3.0634e-01
 160.7500 3.0006e-01 2.6006e-01 3.3648e-01 2.6014e-01 3.3639e-01 2.9751e-01 3.0268e-01
 161.0000 2.9648e-01 2.5695e-01 3.3248e-01 2.5703e-01 3.3238e-01 2.9396e-01 2.9908e-01
 161.2500 2.9295e-01 2.5388e-01 3.2852e-01 2.5396e-01 3.2843e-01 2.9046e-01 2.9552e-01
 161.5000 2.8947e-01 2.5086e-01 3.2462e-01 2.5094e-01 3.2453e-01 2.8701e-01 2.9200e-01
 161.7500 2.8603e-01 2.4787e-01 3.2077e-01 2.4795e-01 3.2068e-01 2.8360e-01 2.8854e-01
 162.0000 2.8264e-01 2.4492e-01 3.1697e-01 2.4500e-01 3.1688e-01 2.8024e-01 2.8512e-01
 162.2500 2.7929e-01 2.4201e-01 3.1322e-01 2.4209e-01 3.1313e-01 2.7692e-01 2.8174e-01
 162.5000 2.7598e-01 2.3914e-01 3.0952e-01 2.3922e-01 3.0943e-01 2.7364e-01 2.7840e-01
 162.7500 2.7272e-01 2.3631e-01 3.0586e-01 2.3638e-01 3.0578e-01 2.7041e-01 2.7511e-01
 163.0000 2.6950e-01 2.3351e-01 3.0226e-01 2.3358e-01 3.0217e-01 2.6721e-01 2.7187e-01
 163.2500 2.6632e-01 2.3075e-01 2.9870e-01 2.3082e-01 2.9861e-01 2.6406e-01 2.6866e-01
 163.5000 2.6319e-01 2.2802e-01 2.9518e-01 2.2810e-01 2.9510e-01 2.6095e-01 2.6549e-01
 163.7500 2.6009e-01 2.2533e-01 2.9171e-01 2.2540e-01 2.9163e-01 2.5788e-01 2.6237e-01
 164.0000 2.5703e-01 2.2268e-01 2.8829e-01 2.2275e-01 2.8820e-01 2.5485e-01 2.5929e-01
 164.2500 2.5401e-01 2.2006e-01 2.8491e-01 2.2013e-01 2.8482e-01 2.5186e-01 2.5624e-01
 164.5000 2.5104e-01 2.1747e-01 2.8157e-01 2.1754e-01 2.8149e-01 2.4890e-01 2.5324e-01
 164.7500 2.4810e-01 2.1492e-01 2.7827e-01 2.1498e-01 2.7820e-01 2.4599e-01 2.5027e-01
 165.0000 2.4519e-01 2.1239e-01 2.7502e-01 2.1246e-01 2.7494e-01 2.4311e-01 2.4734e-01
 165.2500 2.4233e-01 2.0990e-01 2.7181e-01 2.0997e-01 2.7173e-01 2.4027e-01 2.4445e-01
 165.5000 2.3950e-01 2.0745e-01 2.6864e-01 2.0751e-01 2.6856e-01 2.3746e-01 2.4160e-01
 165.7500 2.3670e-01 2.0502e-01 2.6551e-01 2.0509e-01 2.6544e-01 2.3469e-01 2.3878e-01
 166.0000 2.3395e-01 2.0263e-01 2.6242e-01 2.0269e-01 2.6235e-01 2.3196e-01 2.3600e-01
 166.2500 2.3123e-01 2.0026e-01 2.5937e-01 2.0033e-01 2.5930e-01 2.2926e-01 2.3325e-01
 166.5000 2.2854e-01 1.9793e-01 2.5636e-01 1.9799e-01 2.5629e-01 2.2659e-01 2.3054e-01
 166.7500 2.2588e-01 1.9562e-01 2.5339e-01 1.9568e-01 2.5332e-01 2.2396e-01 2.2787e-01
 167.0000 2.2326e-01 1.9335e-01 2.5045e-01 1.9341e-01 2.5038e-01 2.2136e-01 2.2522e-01
 167.2500 2.2068e-01 1.9110e-01 2.4755e-01 1.9116e-01 2.4748e-01 2.1880e-01 2.2262e-01
 167.5000 2.1812e-01 1.8889e-01 2.4469e-01 1.8894e-01 2.4462e-01 2.1627e-01 2.2004e-01
 167.7500 2.1560e-01 1.8670e-01 2.4187e-01 1.8675e-01 2.4180e-01 2.1377e-01 2.1749e-01
 168.0000 2.1311e-01 1.8453e-01 2.3908e-01 1.8459e-01 2.3901e-01 2.1130e-01 2.1498e-01
 168.2500 2.1065e-01 1.8240e-01 2.3632e-01 1.8246e-01 2.3625e-01 2.0886e-01 2.1250e-01
 168.5000 2.0822e-01 1.8029e-01 2.3360e-01 1.8035e-01 2.3353e-01 2.0645e-01 2.1005e-01
 168.7500 2.0583e-01 1.7821e-01 2.3091e-01 1.7827e-01 2.3085e-01 2.0408e-01 2.0764e-01
 169.0000 2.0346e-01 1.7616e-01 2.2826e-01 1.7621e-01 2.2820e-01 2.0173e-01 2.0525e-01
 169.2500 2.0112e-01 1.7413e-01 2.2564e-01 1.7418e-01 2.2558e-01 1.9941e-01 2.0289e-01
 169.5000 1.9881e-01 1.7212e-01 2.2306e-01 1.7217e-01 2.2299e-01 1.9712e-01 2.0056e-01
 169.7500 1.9653e-01 1.7014e-01 2.2050e-01 1.7020e-01 2.2044e-01 1.9486e-01 1.9826e-01
 170.0000 1.9428e-01 1.6819e-01 2.1798e-01 1.6824e-01 2.1792e-01 1.9263e-01 1.9599e-01
 170.2500 1.9206e-01 1.6626e-01 2.1549e-01 1.6631e-01 2.1543e-01 1.9043e-01 1.9375e-01
 170.5000 1.8987e-01 1.6435e-01 2.1303e-01 1.6440e-01 2.1297e-01 1.8825e-01 1.9154e-01
 170.7500 1.8770e-01 1.6247e-01 2.1060e-01 1.6252e-01 2.1054e-01 1.8610e-01 1.8935e-01
 171.0000 1.8556e-01 1.6061e-01 2.0820e-01 1.6066e-01 2.0814e-01 1.8398e-01 1.8719e-01
 171.2500 1.8344e-01 1.5878e-01 2.0583e-01 1.5883e-01 2.0577e-01 1.8188e-01 1.8506e-01
 171.5000 1.8135e-01 1.5697e-01 2.0349e-01 1.5701e-01 2.0343e-01 1.7981e-01 1.8295e-01
 171.7500 1.7929e-01 1.5518e-01 2.0118e-01 1.5523e-01 2.0112e-01 1.7776e-01 1.8087e-01
 172.0000 1.7725e-01 1.5341e-01 1.9889e-01 1.5346e-01 1.9884e-01 1.7574e-01 1.7881e-01
 172.2500 1.7524e-01 1.5166e-01 1.9664e-01 1.5171e-01 1.9658e-01 1.7375e-01 1.7678e-01
 172.5000 1.7325e-01 1.4994e-01 1.9441e-01 1.4998e-01 1.9436e-01 1.7178e-01 1.7478e-01
 172.7500 1.7129e-01 1.4823e-01 1.9221e-01 1.4828e-01 1.9216e-01 1.6983e-01 1.7280e-01
 173.0000 1.6935e-01 1.4655e-01 1.9004e-01 1.4660e-01 1.8998e-01 1.6791e-01 1.7084e-01
 173.2500 1.6744e-01 1.4489e-01 1.8789e-01 1.4494e-01 1.8784e-01 1.6601e-01 1.6891e-01
 173.5000 1.6554e-01 1.4325e-01 1.8577e-01 1.4329e-01 1.8572e-01 1.6414e-01 1.6700e-01
 173.7500 1.6368e-01 1.4163e-01 1.8368e-01 1.4167e-01 1.8362e-01 1.6228e-01 1.6512e-01
 174.0000 1.6183e-01 1.4003e-01 1.8161e-01 1.4007e-01 1.8155e-01 1.6045e-01 1.6326e-01
 174.2500 1.6001e-01 1.3844e-01 1.7956e-01 1.3849e-01 1.7951e-01 1.5864e-01 1.6142e-01
 174.5000 1.5821e-01 1.3688e-01 1.7754e-01 1.3692e-01 1.7749e-01 1.5686e-01 1.5960e-01
 174.7500 1.5643e-01 1.3534e-01 1.7555e-01 1.3538e-01 1.7550e-01 1.5509e-01 1.5780e-01
 175.0000 1.5467e-01 1.3381e-01 1.7358e-01 1.3385e-01 1.7353e-01 1.5335e-01 1.5603e-01
 175.2500 1.5293e-01 1.3230e-01 1.7163e-01 1.3234e-01 1.7158e-01 1.5163e-01 1.5428e-01
 175.5000 1.5121e-01 1.3082e-01 1.6971e-01 1.3086e-01 1.6966e-01 1.4992e-01 1.5255e-01
 175.7500 1.4952e-01 1.2934e-01 1.6781e-01 1.2938e-01 1.6776e-01 1.4824e-01 1.5084e-01
 176.0000 1.4784e-01 1.2789e-01 1.6593e-01 1.2793e-01 1.6588e-01 1.4658e-01 1.4915e-01
 176.2500 1.4619e-01 1.2646e-01 1.6407e-01 1.2649e-01 1.6403e-01 1.4494e-01 1.4748e-01
 176.5000 1.4455e-01 1.2504e-01 1.6224e-01 1.2508e-01 1.6220e-01 1.4332e-01 1.4583e-01
 176.7500 1.4294e-01 1.2364e-01 1.6043e-01 1.2368e-01 1.6039e-01 1.4172e-01 1.4420e-01
 177.0000 1.4134e-01 1.2225e-01 1.5864e-01 1.2229e-01 1.5860e-01 1.4014e-01 1.4259e-01
 177.2500 1.3977e-01 1.2089e-01 1.5688e-01 1.2092e-01 1.5683e-01 1.3857e-01 1.4100e-01
 177.5000 1.3821e-01 1.1953e-01 1.5513e-01 1.1957e-01 1.5509e-01 1.3703e-01 1.3943e-01
 177.7500 1.3667e-01 1.1820e-01 1.5340e-01 1.1824e-01 1.5336e-01 1.3550e-01 1.3788e-01
 178.0000 1.3515e-01 1.1688e-01 1.5170e-01 1.1692e-01 1.5166e-01 1.3400e-01 1.3634e-01
 178.2500 1.3365e-01 1.1558e-01 1.5002e-01 1.1561e-01 1.4997e-01 1.3251e-01 1.3483e-01
 178.5000 1.3216e-01 1.1429e-01 1.4835e-01 1.1433e-01 1.4831e-01 1.3104e-01 1.3333e-01
 178.7500 1.3070e-01 1.1302e-01 1.4671e-01 1.1306e-01 1.4667e-01 1.2958e-01 1.3185e-01
 179.0000 1.2925e-01 1.1176e-01 1.4509e-01 1.1180e-01 1.4504e-01 1.2815e-01 1.3039e-01
 179.2500 1.2782e-01 1.1052e-01 1.4348e-01 1.1056e-01 1.4344e-01 1.2673e-01 1.2895e-01
 179.5000 1.2640e-01 1.0930e-01 1.4190e-01 1.0933e-01 1.4186e-01 1.2532e-01 1.2752e-01
 179.7500 1.2501e-01 1.0808e-01 1.4033e-01 1.0812e-01 1.4029e-01 1.2394e-01 1.2611e-01
 180.0000 1.2362e-01 1.0689e-01 1.3878e-01 1.0692e-01 1.3874e-01 1.2257e-01 1.2472e-01
 180.2500 1.2226e-01 1.0570e-01 1.3725e-01 1.0574e-01 1.3721e-01 1.2122e-01 1.2334e-01
 180.5000 1.2091e-01 1.0453e-01 1.3574e-01 1.0457e-01 1.3570e-01 1.1988e-01 1.2198e-01
 180.7500 1.1958e-01 1.0338e-01 1.3425e-01 1.0341e-01 1.3421e-01 1.1856e-01 1.2064e-01
 181.0000 1.1826e-01 1.0224e-01 1.3277e-01 1.0227e-01 1.3273e-01 1.1725e-01 1.1931e-01
 181.2500 1.1696e-01 1.0111e-01 1.3131e-01 1.0114e-01 1.3128e-01 1.1596e-01 1.1800e-01
 181.5000 1.1568e-01 9.9997e-02 1.2987e-01 1.0003e-01 1.2984e-01 1.1469e-01 1.1670e-01
 181.7500 1.1441e-01 9.8895e-02 1.2845e-01 9.8926e-02 1.2841e-01 1.1343e-01 1.1542e-01
 182.0000 1.1315e-01 9.7807e-02 1.2704e-01 9.7838e-02 1.2701e-01 1.1218e-01 1.1416e-01
 182.2500 1.1191e-01 9.6732e-02 1.2565e-01 9.6763e-02 1.2562e-01 1.1095e-01 1.1291e-01
 182.5000 1.1069e-01 9.5670e-02 1.2428e-01 9.5700e-02 1.2424e-01 1.0974e-01 1.1167e-01
 182.7500 1.0948e-01 9.4620e-02 1.2292e-01 9.4650e-02 1.2288e-01 1.0854e-01 1.1045e-01
 183.0000 1.0828e-01 9.3583e-02 1.2158e-01 9.3612e-02 1.2154e-01 1.0735e-01 1.0924e-01
 183.2500 1.0710e-01 9.2558e-02 1.2025e-01 9.2587e-02 1.2022e-01 1.0618e-01 1.0805e-01
 183.5000 1.0593e-01 9.1545e-02 1.1894e-01 9.1574e-02 1.1891e-01 1.0502e-01 1.0687e-01
 183.7500 1.0477e-01 9.0544e-02 1.1765e-01 9.0573e-02 1.1761e-01 1.0388e-01 1.0570e-01
 184.0000 1.0363e-01 8.9555e-02 1.1637e-01 8.9583e-02 1.1634e-01 1.0275e-01 1.0455e-01
 184.2500 1.0251e-01 8.8578e-02 1.1510e-01 8.8605e-02 1.1507e-01 1.0163e-01 1.0342e-01
 184.5000 1.0139e-01 8.7612e-02 1.1386e-01 8.7639e-02 1.1382e-01 1.0052e-01 1.0229e-01
 184.7500 1.0029e-01 8.6657e-02 1.1262e-01 8.6684e-02 1.1259e-01 9.9430e-02 1.0118e-01
 185.0000 9.9202e-02 8.5714e-02 1.1140e-01 8.5741e-02 1.1137e-01 9.8350e-02 1.0008e-01
 185.2500 9.8126e-02 8.4782e-02 1.1019e-01 8.4808e-02 1.1016e-01 9.7284e-02 9.8999e-02
 185.5000 9.7063e-02 8.3860e-02 1.0900e-01 8.3887e-02 1.0897e-01 9.6230e-02 9.7926e-02
 185.7500 9.6013e-02 8.2950e-02 1.0782e-01 8.2976e-02 1.0779e-01 9.5188e-02 9.6867e-02
 186.0000 9.4975e-02 8.2050e-02 1.0666e-01 8.2076e-02 1.0663e-01 9.4159e-02 9.5820e-02
 186.2500 9.3949e-02 8.1161e-02 1.0551e-01 8.1187e-02 1.0548e-01 9.3141e-02 9.4785e-02
 186.5000 9.2935e-02 8.0282e-02 1.0437e-01 8.0308e-02 1.0434e-01 9.2136e-02 9.3762e-02
 186.7500 9.1932e-02 7.9414e-02 1.0325e-01 7.9439e-02 1.0322e-01 9.1142e-02 9.2751e-02
 187.0000 9.0942e-02 7.8555e-02 1.0214e-01 7.8580e-02 1.0211e-01 9.0160e-02 9.1752e-02
 187.2500 8.9963e-02 7.7707e-02 1.0104e-01 7.7732e-02 1.0101e-01 8.9189e-02 9.0764e-02
 187.5000 8.8995e-02 7.6869e-02 9.9956e-02 7.6893e-02 9.9927e-02 8.8230e-02 8.9788e-02
 187.7500 8.8039e-02 7.6040e-02 9.8884e-02 7.6064e-02 9.8855e-02 8.7281e-02 8.8824e-02
 188.0000 8.7094e-02 7.5221e-02 9.7824e-02 7.5245e-02 9.7796e-02 8.6344e-02 8.7871e-02
 188.2500 8.6160e-02 7.4412e-02 9.6777e-02 7.4435e-02 9.6749e-02 8.5418e-02 8.6928e-02
 188.5000 8.5236e-02 7.3612e-02 9.5741e-02 7.3635e-02 9.5714e-02 8.4502e-02 8.5997e-02
 188.7500 8.4324e-02 7.2821e-02 9.4718e-02 7.2844e-02 9.4691e-02 8.3597e-02 8.5076e-02
 189.0000 8.3422e-02 7.2040e-02 9.3707e-02 7.2063e-02 9.3679e-02 8.2703e-02 8.4167e-02
 189.2500 8.2530e-02 7.1268e-02 9.2707e-02 7.1290e-02 9.2680e-02 8.1819e-02 8.3267e-02
 189.5000 8.1649e-02 7.0504e-02 9.1719e-02 7.0526e-02 9.1692e-02 8.0945e-02 8.2378e-02
 189.7500 8.0778e-02 6.9750e-02 9.0742e-02 6.9772e-02 9.0716e-02 8.0081e-02 8.1500e-02
 190.0000 7.9917e-02 6.9004e-02 8.9776e-02 6.9026e-02 8.9750e-02 7.9228e-02 8.0631e-02
 190.2500 7.9066e-02 6.8267e-02 8.8822e-02 6.8288e-02 8.8796e-02 7.8384e-02 7.9773e-02
 190.5000 7.8225e-02 6.7538e-02 8.7879e-02 6.7559e-02 8.7853e-02 7.7550e-02 7.8925e-02
 190.7500 7.7393e-02 6.6818e-02 8.6946e-02 6.6839e-02 8.6921e-02 7.6725e-02 7.8086e-02
 191.0000 7.6572e-02 6.6106e-02 8.6025e-02 6.6127e-02 8.6000e-02 7.5910e-02 7.7257e-02
 191.2500 7.5759e-02 6.5402e-02 8.5114e-02 6.5423e-02 8.5089e-02 7.5105e-02 7.6438e-02
 191.5000 7.4956e-02 6.4707e-02 8.4213e-02 6.4727e-02 8.4188e-02 7.4308e-02 7.5628e-02
 191.7500 7.4162e-02 6.4019e-02 8.3323e-02 6.4039e-02 8.3298e-02 7.3521e-02 7.4827e-02
 192.0000 7.3377e-02 6.3340e-02 8.2443e-02 6.3360e-02 8.2419e-02 7.2743e-02 7.4035e-02
 192.2500 7.2602e-02 6.2668e-02 8.1573e-02 6.2688e-02 8.1549e-02 7.1974e-02 7.3253e-02
 192.5000 7.1835e-02 6.2004e-02 8.0713e-02 6.2023e-02 8.0689e-02 7.1214e-02 7.2479e-02
 192.7500 7.1077e-02 6.1347e-02 7.9863e-02 6.1367e-02 7.9839e-02 7.0462e-02 7.1715e-02
 193.0000 7.0328e-02 6.0699e-02 7.9022e-02 6.0718e-02 7.8999e-02 6.9719e-02 7.0959e-02
 193.2500 6.9587e-02 6.0057e-02 7.8191e-02 6.0076e-02 7.8169e-02 6.8985e-02 7.0212e-02
 193.5000 6.8855e-02 5.9423e-02 7.7370e-02 5.9442e-02 7.7348e-02 6.8259e-02 6.9473e-02
 193.7500 6.8131e-02 5.8796e-02 7.6558e-02 5.8815e-02 7.6536e-02 6.7541e-02 6.8743e-02
 194.0000 6.7415e-02 5.8177e-02 7.5756e-02 5.8195e-02 7.5733e-02 6.6831e-02 6.8021e-02
 194.2500 6.6708e-02 5.7564e-02 7.4962e-02 5.7582e-02 7.4940e-02 6.6130e-02 6.7307e-02
 194.5000 6.6008e-02 5.6958e-02 7.4178e-02 5.6977e-02 7.4156e-02 6.5436e-02 6.6602e-02
 194.7500 6.5317e-02 5.6360e-02 7.3402e-02 5.6378e-02 7.3381e-02 6.4751e-02 6.5904e-02
 195.0000 6.4633e-02 5.5768e-02 7.2635e-02 5.5786e-02 7.2614e-02 6.4073e-02 6.5215e-02
 195.2500 6.3958e-02 5.5183e-02 7.1877e-02 5.5200e-02 7.1856e-02 6.3403e-02 6.4533e-02
 195.5000 6.3289e-02 5.4605e-02 7.1128e-02 5.4622e-02 7.1107e-02 6.2740e-02 6.3859e-02
 195.7500 6.2629e-02 5.4033e-02 7.0387e-02 5.4050e-02 7.0366e-02 6.2085e-02 6.3193e-02
 196.0000 6.1976e-02 5.3467e-02 6.9655e-02 5.3484e-02 6.9634e-02 6.1438e-02 6.2534e-02
 196.2500 6.1330e-02 5.2909e-02 6.8930e-02 5.2926e-02 6.8910e-02 6.0798e-02 6.1883e-02
 196.5000 6.0692e-02 5.2356e-02 6.8214e-02 5.2373e-02 6.8194e-02 6.0165e-02 6.1239e-02
 196.7500 6.0061e-02 5.1810e-02 6.7506e-02 5.1826e-02 6.7487e-02 5.9539e-02 6.0602e-02
 197.0000 5.9437e-02 5.1270e-02 6.6806e-02 5.1286e-02 6.6787e-02 5.8920e-02 5.9973e-02
 197.2500 5.8820e-02 5.0736e-02 6.6114e-02 5.0752e-02 6.6095e-02 5.8308e-02 5.9351e-02
 197.5000 5.8210e-02 5.0208e-02 6.5430e-02 5.0224e-02 6.5411e-02 5.7704e-02 5.8736e-02
 197.7500 5.7607e-02 4.9686e-02 6.4754e-02 4.9702e-02 6.4735e-02 5.7106e-02 5.8127e-02
 198.0000 5.7010e-02 4.9170e-02 6.4085e-02 4.9186e-02 6.4066e-02 5.6515e-02 5.7526e-02
 198.2500 5.6421e-02 4.8660e-02 6.3423e-02 4.8675e-02 6.3405e-02 5.5930e-02 5.6931e-02
 198.5000 5.5838e-02 4.8155e-02 6.2769e-02 4.8171e-02 6.2751e-02 5.5352e-02 5.6343e-02
 198.7500 5.5262e-02 4.7656e-02 6.2123e-02 4.7672e-02 6.2104e-02 5.4780e-02 5.5761e-02
 199.0000 5.4692e-02 4.7163e-02 6.1483e-02 4.7178e-02 6.1465e-02 5.4215e-02 5.5186e-02
 199.2500 5.4128e-02 4.6676e-02 6.0851e-02 4.6691e-02 6.0833e-02 5.3657e-02 5.4618e-02
 199.5000 5.3571e-02 4.6194e-02 6.0226e-02 4.6208e-02 6.0208e-02 5.3104e-02 5.4056e-02
 199.7500 5.3020e-02 4.5717e-02 5.9608e-02 4.5732e-02 5.9590e-02 5.2558e-02 5.3500e-02
 200.0000 5.2475e-02 4.5246e-02 5.8997e-02 4.5260e-02 5.8979e-02 5.2018e-02 5.2951e-02
