   0.0000 0.0000e+00 0.0000e+00 0.0000e+00 0.0000e+00 0.0000e+00 0.0000e+00 0.0000e+00
   0.2500 3.9330e+06 1.9827e+06 6.1519e+06 2.1410e+06 5.9160e+06 3.1634e+06 4.9287e+06
   0.5000 7.5767e+06 3.8684e+06 1.1748e+07 4.1745e+06 1.1287e+07 6.1015e+06 9.4824e+06
   0.7500 1.0919e+07 5.6408e+06 1.6797e+07 6.0793e+06 1.6133e+07 8.8122e+06 1.3632e+07
   1.0000 1.3878e+07 7.2630e+06 2.1176e+07 7.8142e+06 2.0339e+07 1.1235e+07 1.7271e+07
   1.2500 1.6397e+07 8.7050e+06 2.4808e+07 9.3470e+06 2.3833e+07 1.3320e+07 2.0327e+07
   1.5000 1.8450e+07 9.9479e+06 2.7682e+07 1.0658e+07 2.6606e+07 1.5047e+07 2.2775e+07
   1.7500 2.0040e+07 1.0983e+07 2.9838e+07 1.1740e+07 2.8698e+07 1.6414e+07 2.4626e+07
   2.0000 2.1188e+07 1.1807e+07 3.1334e+07 1.2592e+07 3.0166e+07 1.7432e+07 2.5914e+07
   2.2500 2.1927e+07 1.2426e+07 3.2239e+07 1.3220e+07 3.1075e+07 1.8123e+07 2.6685e+07
   2.5000 2.2294e+07 1.2850e+07 3.2628e+07 1.3640e+07 3.1497e+07 1.8515e+07 2.6996e+07
   2.7500 2.2338e+07 1.3094e+07 3.2573e+07 1.3866e+07 3.1496e+07 1.8642e+07 2.6910e+07
   3.0000 2.2107e+07 1.3174e+07 3.2144e+07 1.3916e+07 3.1135e+07 1.8541e+07 2.6492e+07
   3.2500 2.1647e+07 1.3108e+07 3.1406e+07 1.3815e+07 3.0476e+07 1.8245e+07 2.5803e+07
   3.5000 2.1001e+07 1.2919e+07 3.0419e+07 1.3584e+07 2.9574e+07 1.7789e+07 2.4899e+07
   3.7500 2.0213e+07 1.2625e+07 2.9240e+07 1.3247e+07 2.8481e+07 1.7206e+07 2.3838e+07
   4.0000 1.9320e+07 1.2247e+07 2.7919e+07 1.2823e+07 2.7242e+07 1.6525e+07 2.2665e+07
   4.2500 1.8355e+07 1.1805e+07 2.6501e+07 1.2334e+07 2.5901e+07 1.5776e+07 2.1423e+07
   4.5000 1.7348e+07 1.1316e+07 2.5027e+07 1.1799e+07 2.4498e+07 1.4981e+07 2.0148e+07
   4.7500 1.6324e+07 1.0794e+07 2.3529e+07 1.1234e+07 2.3066e+07 1.4162e+07 1.8866e+07
   5.0000 1.5303e+07 1.0253e+07 2.2037e+07 1.0652e+07 2.1633e+07 1.3335e+07 1.7603e+07
   5.2500 1.4300e+07 9.7053e+06 2.0573e+07 1.0066e+07 2.0220e+07 1.2515e+07 1.6375e+07
   5.5000 1.3328e+07 9.1591e+06 1.9153e+07 9.4849e+06 1.8845e+07 1.1712e+07 1.5196e+07
   5.7500 1.2394e+07 8.6209e+06 1.7790e+07 8.9144e+06 1.7522e+07 1.0935e+07 1.4073e+07
   6.0000 1.1506e+07 8.0960e+06 1.6492e+07 8.3600e+06 1.6259e+07 1.0190e+07 1.3012e+07
   6.2500 1.0665e+07 7.5879e+06 1.5266e+07 7.8253e+06 1.5063e+07 9.4803e+06 1.2017e+07
   6.5000 9.8758e+06 7.1000e+06 1.4115e+07 7.3133e+06 1.3938e+07 8.8088e+06 1.1088e+07
   6.7500 9.1370e+06 6.6345e+06 1.3038e+07 6.8262e+06 1.2883e+07 8.1766e+06 1.0224e+07
   7.0000 8.4484e+06 6.1750e+06 1.2034e+07 6.3457e+06 1.1900e+07 7.5840e+06 9.4231e+06
   7.2500 7.8086e+06 5.7197e+06 1.1103e+07 5.8700e+06 1.0985e+07 7.0305e+06 8.6832e+06
   7.5000 7.2157e+06 5.2967e+06 1.0241e+07 5.4293e+06 1.0137e+07 6.5149e+06 8.0009e+06
   7.7500 6.6674e+06 4.9047e+06 9.4442e+06 5.0217e+06 9.3531e+06 6.0359e+06 7.3729e+06
   8.0000 6.1612e+06 4.5419e+06 8.7096e+06 4.6453e+06 8.6294e+06 5.5917e+06 6.7956e+06
   8.2500 5.6944e+06 4.2066e+06 8.0332e+06 4.2982e+06 7.9624e+06 5.1805e+06 6.2654e+06
   8.5000 5.2644e+06 3.8971e+06 7.4109e+06 3.9783e+06 7.3484e+06 4.8003e+06 5.7789e+06
   8.7500 4.8686e+06 3.6116e+06 6.8390e+06 3.6838e+06 6.7836e+06 4.4490e+06 5.3327e+06
   9.0000 4.5044e+06 3.3484e+06 6.3137e+06 3.4126e+06 6.2645e+06 4.1247e+06 4.9235e+06
   9.2500 4.1695e+06 3.1059e+06 5.8313e+06 3.1630e+06 5.7876e+06 3.8255e+06 4.5483e+06
   9.5000 3.8615e+06 2.8823e+06 5.3885e+06 2.9333e+06 5.3495e+06 3.5496e+06 4.2044e+06
   9.7500 3.5783e+06 2.6763e+06 4.9821e+06 2.7220e+06 4.9472e+06 3.2951e+06 3.8890e+06
  10.0000 3.3178e+06 2.4865e+06 4.6089e+06 2.5273e+06 4.5778e+06 3.0604e+06 3.5996e+06
  10.2500 3.0780e+06 2.3114e+06 4.2662e+06 2.3481e+06 4.2383e+06 2.8439e+06 3.3340e+06
  10.5000 2.8574e+06 2.1500e+06 3.9515e+06 2.1830e+06 3.9264e+06 2.6441e+06 3.0902e+06
  10.7500 2.6544e+06 2.0012e+06 3.6622e+06 2.0308e+06 3.6397e+06 2.4599e+06 2.8662e+06
  11.0000 2.4673e+06 1.8638e+06 3.3964e+06 1.8905e+06 3.3761e+06 2.2898e+06 2.6604e+06
  11.2500 2.2951e+06 1.7371e+06 3.1520e+06 1.7612e+06 3.1337e+06 2.1329e+06 2.4713e+06
  11.5000 2.1364e+06 1.6201e+06 2.9272e+06 1.6418e+06 2.9107e+06 1.9880e+06 2.2973e+06
  11.7500 1.9901e+06 1.5120e+06 2.7205e+06 1.5317e+06 2.7055e+06 1.8542e+06 2.1373e+06
  12.0000 1.8551e+06 1.4121e+06 2.5301e+06 1.4300e+06 2.5165e+06 1.7305e+06 1.9898e+06
  12.2500 1.7303e+06 1.3196e+06 2.3546e+06 1.3358e+06 2.3423e+06 1.6161e+06 1.8538e+06
  12.5000 1.6150e+06 1.2339e+06 2.1928e+06 1.2487e+06 2.1816e+06 1.5101e+06 1.7283e+06
  12.7500 1.5084e+06 1.1545e+06 2.0434e+06 1.1679e+06 2.0332e+06 1.4119e+06 1.6123e+06
  13.0000 1.4097e+06 1.0809e+06 1.9055e+06 1.0931e+06 1.8962e+06 1.3210e+06 1.5052e+06
  13.2500 1.3183e+06 1.0127e+06 1.7781e+06 1.0238e+06 1.7696e+06 1.2366e+06 1.4061e+06
  13.5000 1.2336e+06 9.4932e+05 1.6603e+06 9.5948e+05 1.6525e+06 1.1584e+06 1.3145e+06
  13.7500 1.1552e+06 8.9051e+05 1.5513e+06 8.9979e+05 1.5442e+06 1.0857e+06 1.2296e+06
  14.0000 1.0824e+06 8.3588e+05 1.4504e+06 8.4437e+05 1.4439e+06 1.0183e+06 1.1511e+06
  14.2500 1.0149e+06 7.8512e+05 1.3570e+06 7.9290e+05 1.3510e+06 9.5563e+05 1.0783e+06
  14.5000 9.5222e+05 7.3793e+05 1.2704e+06 7.4506e+05 1.2650e+06 8.9740e+05 1.0108e+06
  14.7500 8.9396e+05 6.9397e+05 1.1901e+06 7.0051e+05 1.1851e+06 8.4322e+05 9.4807e+05
  15.0000 8.3977e+05 6.5300e+05 1.1156e+06 6.5901e+05 1.1110e+06 7.9276e+05 8.8982e+05
  15.2500 7.8932e+05 6.1478e+05 1.0464e+06 6.2030e+05 1.0422e+06 7.4574e+05 8.3566e+05
  15.5000 7.4232e+05 5.7911e+05 9.8204e+05 5.8420e+05 9.7817e+05 7.0191e+05 7.8526e+05
  15.7500 6.9852e+05 5.4581e+05 9.2222e+05 5.5049e+05 9.1865e+05 6.6100e+05 7.3833e+05
  16.0000 6.5767e+05 5.1470e+05 8.6655e+05 5.1901e+05 8.6326e+05 6.2282e+05 6.9460e+05
  16.2500 6.1954e+05 4.8561e+05 8.1470e+05 4.8959e+05 8.1167e+05 5.8716e+05 6.5383e+05
  16.5000 5.8395e+05 4.5841e+05 7.6640e+05 4.6208e+05 7.6360e+05 5.5382e+05 6.1580e+05
  16.7500 5.5068e+05 4.3295e+05 7.2136e+05 4.3634e+05 7.1877e+05 5.2265e+05 5.8029e+05
  17.0000 5.1959e+05 4.0912e+05 6.7934e+05 4.1225e+05 6.7695e+05 4.9348e+05 5.4713e+05
  17.2500 4.9051e+05 3.8680e+05 6.4012e+05 3.8969e+05 6.3791e+05 4.6618e+05 5.1614e+05
  17.5000 4.6329e+05 3.6588e+05 6.0349e+05 3.6856e+05 6.0144e+05 4.4061e+05 4.8717e+05
  17.7500 4.3780e+05 3.4626e+05 5.6925e+05 3.4874e+05 5.6736e+05 4.1664e+05 4.6006e+05
  18.0000 4.1393e+05 3.2786e+05 5.3724e+05 3.3016e+05 5.3548e+05 3.9417e+05 4.3468e+05
  18.2500 3.9154e+05 3.1058e+05 5.0728e+05 3.1271e+05 5.0565e+05 3.7309e+05 4.1091e+05
  18.5000 3.7055e+05 2.9434e+05 4.7923e+05 2.9632e+05 4.7772e+05 3.5331e+05 3.8863e+05
  18.7500 3.5085e+05 2.7909e+05 4.5295e+05 2.8092e+05 4.5154e+05 3.3472e+05 3.6774e+05
  19.0000 3.3236e+05 2.6474e+05 4.2832e+05 2.6644e+05 4.2701e+05 3.1726e+05 3.4814e+05
  19.2500 3.1498e+05 2.5123e+05 4.0522e+05 2.5282e+05 4.0400e+05 3.0085e+05 3.2974e+05
  19.5000 2.9864e+05 2.3852e+05 3.8354e+05 2.4000e+05 3.8241e+05 2.8541e+05 3.1245e+05
  19.7500 2.8328e+05 2.2655e+05 3.6319e+05 2.2792e+05 3.6214e+05 2.7088e+05 2.9621e+05
  20.0000 2.6882e+05 2.1527e+05 3.4408e+05 2.1655e+05 3.4310e+05 2.5720e+05 2.8093e+05
  20.2500 2.5521e+05 2.0463e+05 3.2612e+05 2.0582e+05 3.2521e+05 2.4431e+05 2.6656e+05
  20.5000 2.4240e+05 1.9460e+05 3.0924e+05 1.9571e+05 3.0838e+05 2.3216e+05 2.5304e+05
  20.7500 2.3032e+05 1.8513e+05 2.9335e+05 1.8616e+05 2.9256e+05 2.2070e+05 2.4030e+05
  21.0000 2.1893e+05 1.7619e+05 2.7841e+05 1.7716e+05 2.7767e+05 2.0990e+05 2.2830e+05
  21.2500 2.0819e+05 1.6775e+05 2.6434e+05 1.6865e+05 2.6364e+05 1.9970e+05 2.1698e+05
  21.5000 1.9805e+05 1.5977e+05 2.5109e+05 1.6061e+05 2.5044e+05 1.9007e+05 2.0631e+05
  21.7500 1.8848e+05 1.5222e+05 2.3860e+05 1.5301e+05 2.3799e+05 1.8098e+05 1.9625e+05
  22.0000 1.7944e+05 1.4509e+05 2.2682e+05 1.4582e+05 2.2626e+05 1.7238e+05 1.8674e+05
  22.2500 1.7090e+05 1.3834e+05 2.1571e+05 1.3902e+05 2.1518e+05 1.6426e+05 1.7777e+05
  22.5000 1.6283e+05 1.3195e+05 2.0522e+05 1.3259e+05 2.0472e+05 1.5657e+05 1.6929e+05
  22.7500 1.5519e+05 1.2590e+05 1.9531e+05 1.2650e+05 1.9484e+05 1.4929e+05 1.6128e+05
  23.0000 1.4797e+05 1.2017e+05 1.8595e+05 1.2073e+05 1.8551e+05 1.4240e+05 1.5370e+05
  23.2500 1.4113e+05 1.1474e+05 1.7710e+05 1.1527e+05 1.7669e+05 1.3588e+05 1.4652e+05
  23.5000 1.3465e+05 1.0959e+05 1.6873e+05 1.1008e+05 1.6834e+05 1.2970e+05 1.3974e+05
  23.7500 1.2851e+05 1.0471e+05 1.6081e+05 1.0517e+05 1.6045e+05 1.2384e+05 1.3331e+05
  24.0000 1.2270e+05 1.0007e+05 1.5332e+05 1.0051e+05 1.5298e+05 1.1828e+05 1.2722e+05
  24.2500 1.1718e+05 9.5676e+04 1.4623e+05 9.6083e+04 1.4591e+05 1.1302e+05 1.2146e+05
  24.5000 1.1195e+05 9.1500e+04 1.3952e+05 9.1883e+04 1.3922e+05 1.0802e+05 1.1599e+05
  24.7500 1.0699e+05 8.7534e+04 1.3315e+05 8.7893e+04 1.3288e+05 1.0327e+05 1.1080e+05
  25.0000 1.0228e+05 8.3765e+04 1.2713e+05 8.4103e+04 1.2687e+05 9.8764e+04 1.0588e+05
  25.2500 9.7814e+04 8.0183e+04 1.2142e+05 8.0500e+04 1.2117e+05 9.4484e+04 1.0122e+05
  25.5000 9.3568e+04 7.6777e+04 1.1600e+05 7.7075e+04 1.1577e+05 9.0416e+04 9.6786e+04
  25.7500 8.9534e+04 7.3537e+04 1.1086e+05 7.3818e+04 1.1064e+05 8.6550e+04 9.2578e+04
  26.0000 8.5700e+04 7.0454e+04 1.0599e+05 7.0718e+04 1.0578e+05 8.2874e+04 8.8580e+04
  26.2500 8.2054e+04 6.7520e+04 1.0136e+05 6.7768e+04 1.0117e+05 7.9378e+04 8.4781e+04
  26.5000 7.8588e+04 6.4726e+04 9.6970e+04 6.4960e+04 9.6787e+04 7.6052e+04 8.1170e+04
  26.7500 7.5290e+04 6.2066e+04 9.2799e+04 6.2286e+04 9.2627e+04 7.2886e+04 7.7736e+04
  27.0000 7.2151e+04 5.9530e+04 8.8835e+04 5.9738e+04 8.8674e+04 6.9871e+04 7.4469e+04
  27.2500 6.9162e+04 5.7114e+04 8.5065e+04 5.7310e+04 8.4912e+04 6.6999e+04 7.1359e+04
  27.5000 6.6314e+04 5.4810e+04 8.1476e+04 5.4995e+04 8.1332e+04 6.4263e+04 6.8398e+04
  27.7500 6.3602e+04 5.2613e+04 7.8060e+04 5.2787e+04 7.7924e+04 6.1654e+04 6.5578e+04
  28.0000 6.1016e+04 5.0517e+04 7.4807e+04 5.0681e+04 7.4679e+04 5.9166e+04 6.2891e+04
  28.2500 5.8550e+04 4.8517e+04 7.1709e+04 4.8672e+04 7.1588e+04 5.6794e+04 6.0330e+04
  28.5000 5.6199e+04 4.6608e+04 6.8757e+04 4.6754e+04 6.8642e+04 5.4530e+04 5.7890e+04
  28.7500 5.3956e+04 4.4784e+04 6.5943e+04 4.4923e+04 6.5835e+04 5.2370e+04 5.5562e+04
  29.0000 5.1816e+04 4.3043e+04 6.3261e+04 4.3174e+04 6.3159e+04 5.0308e+04 5.3341e+04
  29.2500 4.9773e+04 4.1380e+04 6.0704e+04 4.1503e+04 6.0608e+04 4.8339e+04 5.1223e+04
  29.5000 4.7823e+04 3.9790e+04 5.8265e+04 3.9906e+04 5.8174e+04 4.6458e+04 4.9201e+04
  29.7500 4.5960e+04 3.8270e+04 5.5938e+04 3.8380e+04 5.5852e+04 4.4662e+04 4.7271e+04
  30.0000 4.4181e+04 3.6817e+04 5.3717e+04 3.6922e+04 5.3636e+04 4.2945e+04 4.5428e+04
  30.2500 4.2481e+04 3.5427e+04 5.1598e+04 3.5526e+04 5.1520e+04 4.1304e+04 4.3667e+04
  30.5000 4.0856e+04 3.4098e+04 4.9574e+04 3.4191e+04 4.9501e+04 3.9735e+04 4.1985e+04
  30.7500 3.9302e+04 3.2826e+04 4.7642e+04 3.2914e+04 4.7572e+04 3.8234e+04 4.0378e+04
  31.0000 3.7817e+04 3.1608e+04 4.5796e+04 3.1692e+04 4.5730e+04 3.6799e+04 3.8841e+04
  31.2500 3.6396e+04 3.0442e+04 4.4032e+04 3.0522e+04 4.3969e+04 3.5426e+04 3.7372e+04
  31.5000 3.5037e+04 2.9326e+04 4.2346e+04 2.9401e+04 4.2287e+04 3.4111e+04 3.5967e+04
  31.7500 3.3736e+04 2.8256e+04 4.0735e+04 2.8328e+04 4.0679e+04 3.2853e+04 3.4623e+04
  32.0000 3.2491e+04 2.7232e+04 3.9195e+04 2.7300e+04 3.9141e+04 3.1649e+04 3.3337e+04
  32.2500 3.1299e+04 2.6250e+04 3.7722e+04 2.6314e+04 3.7671e+04 3.0495e+04 3.2106e+04
  32.5000 3.0157e+04 2.5309e+04 3.6313e+04 2.5370e+04 3.6264e+04 2.9390e+04 3.0927e+04
  32.7500 2.9064e+04 2.4407e+04 3.4965e+04 2.4465e+04 3.4919e+04 2.8331e+04 2.9799e+04
  33.0000 2.8017e+04 2.3542e+04 3.3675e+04 2.3597e+04 3.3631e+04 2.7317e+04 2.8718e+04
  33.2500 2.7012e+04 2.2712e+04 3.2439e+04 2.2764e+04 3.2398e+04 2.6344e+04 2.7683e+04
  33.5000 2.6050e+04 2.1915e+04 3.1256e+04 2.1965e+04 3.1217e+04 2.5410e+04 2.6690e+04
  33.7500 2.5126e+04 2.1151e+04 3.0122e+04 2.1198e+04 3.0085e+04 2.4515e+04 2.5738e+04
  34.0000 2.4239e+04 2.0417e+04 2.9035e+04 2.0462e+04 2.9000e+04 2.3655e+04 2.4824e+04
  34.2500 2.3389e+04 1.9712e+04 2.7994e+04 1.9755e+04 2.7960e+04 2.2830e+04 2.3948e+04
  34.5000 2.2572e+04 1.9035e+04 2.6995e+04 1.9076e+04 2.6962e+04 2.2038e+04 2.3107e+04
  34.7500 2.1788e+04 1.8385e+04 2.6036e+04 1.8424e+04 2.6006e+04 2.1277e+04 2.2300e+04
  35.0000 2.1036e+04 1.7760e+04 2.5117e+04 1.7797e+04 2.5088e+04 2.0546e+04 2.1525e+04
  35.2500 2.0313e+04 1.7160e+04 2.4235e+04 1.7195e+04 2.4207e+04 1.9844e+04 2.0781e+04
  35.5000 1.9618e+04 1.6583e+04 2.3389e+04 1.6616e+04 2.3362e+04 1.9170e+04 2.0066e+04
  35.7500 1.8951e+04 1.6028e+04 2.2576e+04 1.6060e+04 2.2551e+04 1.8521e+04 1.9380e+04
  36.0000 1.8310e+04 1.5494e+04 2.1796e+04 1.5525e+04 2.1772e+04 1.7898e+04 1.8720e+04
  36.2500 1.7693e+04 1.4981e+04 2.1047e+04 1.5010e+04 2.1024e+04 1.7299e+04 1.8086e+04
  36.5000 1.7100e+04 1.4488e+04 2.0327e+04 1.4515e+04 2.0305e+04 1.6722e+04 1.7477e+04
  36.7500 1.6530e+04 1.4013e+04 1.9635e+04 1.4039e+04 1.9614e+04 1.6168e+04 1.6891e+04
  37.0000 1.5982e+04 1.3556e+04 1.8971e+04 1.3581e+04 1.8951e+04 1.5635e+04 1.6328e+04
  37.2500 1.5455e+04 1.3116e+04 1.8332e+04 1.3140e+04 1.8313e+04 1.5122e+04 1.5786e+04
  37.5000 1.4948e+04 1.2692e+04 1.7718e+04 1.2715e+04 1.7700e+04 1.4628e+04 1.5266e+04
  37.7500 1.4460e+04 1.2284e+04 1.7128e+04 1.2306e+04 1.7110e+04 1.4153e+04 1.4764e+04
  38.0000 1.3990e+04 1.1892e+04 1.6560e+04 1.1912e+04 1.6544e+04 1.3696e+04 1.4282e+04
  38.2500 1.3537e+04 1.1513e+04 1.6014e+04 1.1533e+04 1.5998e+04 1.3255e+04 1.3818e+04
  38.5000 1.3102e+04 1.1149e+04 1.5489e+04 1.1168e+04 1.5474e+04 1.2831e+04 1.3371e+04
  38.7500 1.2683e+04 1.0798e+04 1.4983e+04 1.0816e+04 1.4969e+04 1.2422e+04 1.2941e+04
  39.0000 1.2279e+04 1.0459e+04 1.4497e+04 1.0476e+04 1.4483e+04 1.2029e+04 1.2527e+04
  39.2500 1.1890e+04 1.0133e+04 1.4028e+04 1.0150e+04 1.4015e+04 1.1650e+04 1.2128e+04
  39.5000 1.1515e+04 9.8187e+03 1.3577e+04 9.8344e+03 1.3564e+04 1.1284e+04 1.1744e+04
  39.7500 1.1154e+04 9.5155e+03 1.3143e+04 9.5306e+03 1.3131e+04 1.0932e+04 1.1374e+04
  40.0000 1.0806e+04 9.2231e+03 1.2725e+04 9.2376e+03 1.2713e+04 1.0592e+04 1.1017e+04
  40.2500 1.0470e+04 8.9411e+03 1.2322e+04 8.9550e+03 1.2310e+04 1.0265e+04 1.0674e+04
  40.5000 1.0147e+04 8.6691e+03 1.1934e+04 8.6824e+03 1.1923e+04 9.9496e+03 1.0343e+04
  40.7500 9.8350e+03 8.4067e+03 1.1559e+04 8.4193e+03 1.1549e+04 9.6451e+03 1.0023e+04
  41.0000 9.5340e+03 8.1532e+03 1.1199e+04 8.1654e+03 1.1189e+04 9.3514e+03 9.7151e+03
  41.2500 9.2437e+03 7.9086e+03 1.0851e+04 7.9202e+03 1.0842e+04 9.0678e+03 9.4179e+03
  41.5000 8.9634e+03 7.6722e+03 1.0516e+04 7.6834e+03 1.0507e+04 8.7941e+03 9.1311e+03
  41.7500 8.6928e+03 7.4440e+03 1.0192e+04 7.4547e+03 1.0184e+04 8.5299e+03 8.8543e+03
  42.0000 8.4316e+03 7.2235e+03 9.8801e+03 7.2337e+03 9.8718e+03 8.2747e+03 8.5871e+03
  42.2500 8.1794e+03 7.0105e+03 9.5790e+03 7.0203e+03 9.5710e+03 8.0282e+03 8.3291e+03
  42.5000 7.9358e+03 6.8046e+03 9.2885e+03 6.8140e+03 9.2808e+03 7.7902e+03 8.0800e+03
  42.7500 7.7005e+03 6.6057e+03 9.0080e+03 6.6147e+03 9.0006e+03 7.5602e+03 7.8394e+03
  43.0000 7.4732e+03 6.4134e+03 8.7373e+03 6.4220e+03 8.7302e+03 7.3380e+03 7.6070e+03
  43.2500 7.2536e+03 6.2274e+03 8.4759e+03 6.2358e+03 8.4691e+03 7.1233e+03 7.3825e+03
  43.5000 7.0414e+03 6.0477e+03 8.2235e+03 6.0557e+03 8.2169e+03 6.9158e+03 7.1656e+03
  43.7500 6.8362e+03 5.8739e+03 7.9797e+03 5.8815e+03 7.9734e+03 6.7151e+03 6.9560e+03
  44.0000 6.6379e+03 5.7058e+03 7.7442e+03 5.7131e+03 7.7381e+03 6.5212e+03 6.7534e+03
  44.2500 6.4462e+03 5.5432e+03 7.5167e+03 5.5502e+03 7.5109e+03 6.3336e+03 6.5576e+03
  44.5000 6.2609e+03 5.3859e+03 7.2968e+03 5.3927e+03 7.2912e+03 6.1523e+03 6.3683e+03
  44.7500 6.0817e+03 5.2337e+03 7.0844e+03 5.2402e+03 7.0790e+03 5.9768e+03 6.1853e+03
  45.0000 5.9083e+03 5.0865e+03 6.8790e+03 5.0927e+03 6.8738e+03 5.8071e+03 6.0082e+03
  45.2500 5.7406e+03 4.9439e+03 6.6805e+03 4.9499e+03 6.6755e+03 5.6430e+03 5.8371e+03
  45.5000 5.5784e+03 4.8060e+03 6.4885e+03 4.8118e+03 6.4838e+03 5.4841e+03 5.6714e+03
  45.7500 5.4214e+03 4.6725e+03 6.3029e+03 4.6780e+03 6.2983e+03 5.3304e+03 5.5112e+03
  46.0000 5.2694e+03 4.5432e+03 6.1234e+03 4.5486e+03 6.1190e+03 5.1816e+03 5.3562e+03
  46.2500 5.1224e+03 4.4181e+03 5.9497e+03 4.4232e+03 5.9455e+03 5.0376e+03 5.2062e+03
  46.5000 4.9801e+03 4.2969e+03 5.7817e+03 4.3018e+03 5.7776e+03 4.8982e+03 5.0610e+03
  46.7500 4.8423e+03 4.1795e+03 5.6192e+03 4.1842e+03 5.6153e+03 4.7632e+03 4.9205e+03
  47.0000 4.7089e+03 4.0658e+03 5.4619e+03 4.0703e+03 5.4581e+03 4.6324e+03 4.7844e+03
  47.2500 4.5797e+03 3.9556e+03 5.3097e+03 3.9600e+03 5.3060e+03 4.5058e+03 4.6527e+03
  47.5000 4.4546e+03 3.8489e+03 5.1623e+03 3.8531e+03 5.1588e+03 4.3832e+03 4.5251e+03
  47.7500 4.3334e+03 3.7455e+03 5.0196e+03 3.7496e+03 5.0162e+03 4.2644e+03 4.4016e+03
  48.0000 4.2160e+03 3.6453e+03 4.8815e+03 3.6492e+03 4.8782e+03 4.1493e+03 4.2819e+03
  48.2500 4.1023e+03 3.5482e+03 4.7477e+03 3.5520e+03 4.7446e+03 4.0377e+03 4.1660e+03
  48.5000 3.9921e+03 3.4541e+03 4.6182e+03 3.4577e+03 4.6151e+03 3.9297e+03 4.0537e+03
  48.7500 3.8853e+03 3.3628e+03 4.4927e+03 3.3663e+03 4.4897e+03 3.8249e+03 3.9449e+03
  49.0000 3.7818e+03 3.2744e+03 4.3711e+03 3.2778e+03 4.3683e+03 3.7234e+03 3.8395e+03
  49.2500 3.6815e+03 3.1886e+03 4.2533e+03 3.1918e+03 4.2506e+03 3.6249e+03 3.7373e+03
  49.5000 3.5842e+03 3.1054e+03 4.1392e+03 3.1086e+03 4.1365e+03 3.5295e+03 3.6382e+03
  49.7500 3.4899e+03 3.0248e+03 4.0285e+03 3.0278e+03 4.0260e+03 3.4369e+03 3.5422e+03
  50.0000 3.3985e+03 2.9465e+03 3.9213e+03 2.9494e+03 3.9188e+03 3.3472e+03 3.4491e+03
  50.2500 3.3098e+03 2.8706e+03 3.8173e+03 2.8734e+03 3.8150e+03 3.2601e+03 3.3588e+03
  50.5000 3.2238e+03 2.7969e+03 3.7165e+03 2.7996e+03 3.7142e+03 3.1756e+03 3.2712e+03
  50.7500 3.1403e+03 2.7254e+03 3.6188e+03 2.7280e+03 3.6166e+03 3.0937e+03 3.1862e+03
  51.0000 3.0593e+03 2.6559e+03 3.5240e+03 2.6585e+03 3.5219e+03 3.0141e+03 3.1038e+03
  51.2500 2.9807e+03 2.5885e+03 3.4321e+03 2.5910e+03 3.4300e+03 2.9369e+03 3.0238e+03
  51.5000 2.9043e+03 2.5230e+03 3.3429e+03 2.5254e+03 3.3409e+03 2.8620e+03 2.9461e+03
  51.7500 2.8303e+03 2.4595e+03 3.2563e+03 2.4618e+03 3.2544e+03 2.7892e+03 2.8708e+03
  52.0000 2.7584e+03 2.3977e+03 3.1724e+03 2.3999e+03 3.1705e+03 2.7186e+03 2.7976e+03
  52.2500 2.6886e+03 2.3377e+03 3.0909e+03 2.3399e+03 3.0891e+03 2.6500e+03 2.7266e+03
  52.5000 2.6208e+03 2.2795e+03 3.0118e+03 2.2815e+03 3.0101e+03 2.5834e+03 2.6577e+03
  52.7500 2.5549e+03 2.2229e+03 2.9351e+03 2.2249e+03 2.9334e+03 2.5187e+03 2.5907e+03
  53.0000 2.4910e+03 2.1679e+03 2.8606e+03 2.1698e+03 2.8589e+03 2.4558e+03 2.5257e+03
  53.2500 2.4289e+03 2.1144e+03 2.7882e+03 2.1163e+03 2.7866e+03 2.3948e+03 2.4626e+03
  53.5000 2.3686e+03 2.0625e+03 2.7180e+03 2.0643e+03 2.7164e+03 2.3355e+03 2.4012e+03
  53.7500 2.3100e+03 2.0120e+03 2.6498e+03 2.0137e+03 2.6483e+03 2.2778e+03 2.3416e+03
  54.0000 2.2530e+03 1.9629e+03 2.5835e+03 1.9646e+03 2.5821e+03 2.2218e+03 2.2837e+03
  54.2500 2.1977e+03 1.9152e+03 2.5192e+03 1.9168e+03 2.5178e+03 2.1674e+03 2.2275e+03
  54.5000 2.1439e+03 1.8688e+03 2.4566e+03 1.8704e+03 2.4553e+03 2.1145e+03 2.1728e+03
  54.7500 2.0916e+03 1.8237e+03 2.3959e+03 1.8253e+03 2.3946e+03 2.0631e+03 2.1197e+03
  55.0000 2.0408e+03 1.7799e+03 2.3369e+03 1.7814e+03 2.3357e+03 2.0131e+03 2.0680e+03
  55.2500 1.9913e+03 1.7373e+03 2.2796e+03 1.7387e+03 2.2783e+03 1.9645e+03 2.0178e+03
  55.5000 1.9433e+03 1.6958e+03 2.2238e+03 1.6972e+03 2.2227e+03 1.9172e+03 1.9690e+03
  55.7500 1.8966e+03 1.6554e+03 2.1697e+03 1.6568e+03 2.1685e+03 1.8713e+03 1.9216e+03
  56.0000 1.8512e+03 1.6162e+03 2.1170e+03 1.6175e+03 2.1159e+03 1.8266e+03 1.8754e+03
  56.2500 1.8070e+03 1.5780e+03 2.0658e+03 1.5793e+03 2.0648e+03 1.7831e+03 1.8305e+03
  56.5000 1.7640e+03 1.5409e+03 2.0161e+03 1.5421e+03 2.0150e+03 1.7408e+03 1.7869e+03
  56.7500 1.7222e+03 1.5047e+03 1.9677e+03 1.5059e+03 1.9667e+03 1.6997e+03 1.7445e+03
  57.0000 1.6816e+03 1.4695e+03 1.9206e+03 1.4707e+03 1.9196e+03 1.6596e+03 1.7032e+03
  57.2500 1.6420e+03 1.4353e+03 1.8748e+03 1.4364e+03 1.8739e+03 1.6207e+03 1.6630e+03
  57.5000 1.6035e+03 1.4020e+03 1.8303e+03 1.4030e+03 1.8294e+03 1.5828e+03 1.6239e+03
  57.7500 1.5660e+03 1.3695e+03 1.7870e+03 1.3706e+03 1.7861e+03 1.5459e+03 1.5859e+03
  58.0000 1.5296e+03 1.3380e+03 1.7449e+03 1.3390e+03 1.7440e+03 1.5100e+03 1.5489e+03
  58.2500 1.4941e+03 1.3072e+03 1.7039e+03 1.3082e+03 1.7030e+03 1.4750e+03 1.5128e+03
  58.5000 1.4595e+03 1.2773e+03 1.6640e+03 1.2782e+03 1.6632e+03 1.4410e+03 1.4778e+03
  58.7500 1.4259e+03 1.2482e+03 1.6252e+03 1.2491e+03 1.6244e+03 1.4079e+03 1.4437e+03
  59.0000 1.3932e+03 1.2198e+03 1.5874e+03 1.2207e+03 1.5866e+03 1.3757e+03 1.4104e+03
  59.2500 1.3613e+03 1.1921e+03 1.5506e+03 1.1930e+03 1.5499e+03 1.3442e+03 1.3781e+03
  59.5000 1.3302e+03 1.1652e+03 1.5148e+03 1.1660e+03 1.5141e+03 1.3137e+03 1.3466e+03
  59.7500 1.3000e+03 1.1390e+03 1.4800e+03 1.1398e+03 1.4792e+03 1.2839e+03 1.3159e+03
  60.0000 1.2706e+03 1.1134e+03 1.4460e+03 1.1142e+03 1.4453e+03 1.2549e+03 1.2860e+03
  60.2500 1.2419e+03 1.0886e+03 1.4130e+03 1.0893e+03 1.4123e+03 1.2266e+03 1.2570e+03
  60.5000 1.2140e+03 1.0643e+03 1.3808e+03 1.0650e+03 1.3802e+03 1.1991e+03 1.2286e+03
  60.7500 1.1867e+03 1.0407e+03 1.3494e+03 1.0414e+03 1.3488e+03 1.1723e+03 1.2010e+03
  61.0000 1.1602e+03 1.0177e+03 1.3189e+03 1.0184e+03 1.3183e+03 1.1461e+03 1.1741e+03
  61.2500 1.1344e+03 9.9522e+02 1.2892e+03 9.9590e+02 1.2886e+03 1.1207e+03 1.1479e+03
  61.5000 1.1092e+03 9.7335e+02 1.2602e+03 9.7401e+02 1.2596e+03 1.0958e+03 1.1224e+03
  61.7500 1.0847e+03 9.5203e+02 1.2320e+03 9.5267e+02 1.2314e+03 1.0717e+03 1.0975e+03
  62.0000 1.0608e+03 9.3125e+02 1.2045e+03 9.3187e+02 1.2039e+03 1.0481e+03 1.0732e+03
  62.2500 1.0374e+03 9.1098e+02 1.1777e+03 9.1159e+02 1.1772e+03 1.0251e+03 1.0496e+03
  62.5000 1.0147e+03 8.9122e+02 1.1516e+03 8.9181e+02 1.1511e+03 1.0027e+03 1.0266e+03
  62.7500 9.9255e+02 8.7195e+02 1.1261e+03 8.7252e+02 1.1256e+03 9.8083e+02 1.0041e+03
  63.0000 9.7094e+02 8.5315e+02 1.1013e+03 8.5370e+02 1.1008e+03 9.5953e+02 9.8220e+02
  63.2500 9.4988e+02 8.3481e+02 1.0771e+03 8.3535e+02 1.0767e+03 9.3875e+02 9.6085e+02
  63.5000 9.2933e+02 8.1693e+02 1.0536e+03 8.1745e+02 1.0531e+03 9.1849e+02 9.4003e+02
  63.7500 9.0930e+02 7.9948e+02 1.0306e+03 7.9999e+02 1.0301e+03 8.9873e+02 9.1972e+02
  64.0000 8.8975e+02 7.8246e+02 1.0082e+03 7.8295e+02 1.0077e+03 8.7945e+02 8.9992e+02
  64.2500 8.7069e+02 7.6585e+02 9.8633e+02 7.6633e+02 9.8590e+02 8.6065e+02 8.8060e+02
  64.5000 8.5210e+02 7.4964e+02 9.6502e+02 7.5011e+02 9.6461e+02 8.4231e+02 8.6176e+02
  64.7500 8.3396e+02 7.3383e+02 9.4425e+02 7.3428e+02 9.4384e+02 8.2441e+02 8.4338e+02
  65.0000 8.1626e+02 7.1839e+02 9.2398e+02 7.1884e+02 9.2359e+02 8.0695e+02 8.2545e+02
  65.2500 7.9899e+02 7.0333e+02 9.0421e+02 7.0376e+02 9.0383e+02 7.8991e+02 8.0795e+02
  65.5000 7.8214e+02 6.8863e+02 8.8493e+02 6.8905e+02 8.8455e+02 7.7328e+02 7.9088e+02
  65.7500 7.6569e+02 6.7427e+02 8.6611e+02 6.7468e+02 8.6575e+02 7.5705e+02 7.7422e+02
  66.0000 7.4964e+02 6.6026e+02 8.4776e+02 6.6066e+02 8.4741e+02 7.4121e+02 7.5796e+02
  66.2500 7.3398e+02 6.4659e+02 8.2985e+02 6.4697e+02 8.2950e+02 7.2575e+02 7.4209e+02
  66.5000 7.1868e+02 6.3323e+02 8.1237e+02 6.3361e+02 8.1204e+02 7.1066e+02 7.2660e+02
  66.7500 7.0376e+02 6.2019e+02 7.9532e+02 6.2056e+02 7.9499e+02 6.9593e+02 7.1149e+02
  67.0000 6.8918e+02 6.0746e+02 7.7867e+02 6.0782e+02 7.7836e+02 6.8154e+02 6.9673e+02
  67.2500 6.7496e+02 5.9502e+02 7.6243e+02 5.9537e+02 7.6212e+02 6.6750e+02 6.8232e+02
  67.5000 6.6107e+02 5.8288e+02 7.4657e+02 5.8322e+02 7.4627e+02 6.5379e+02 6.6825e+02
  67.7500 6.4750e+02 5.7102e+02 7.3109e+02 5.7135e+02 7.3079e+02 6.4040e+02 6.5452e+02
  68.0000 6.3425e+02 5.5943e+02 7.1598e+02 5.5976e+02 7.1569e+02 6.2732e+02 6.4110e+02
  68.2500 6.2132e+02 5.4812e+02 7.0122e+02 5.4843e+02 7.0094e+02 6.1454e+02 6.2801e+02
  68.5000 6.0868e+02 5.3706e+02 6.8681e+02 5.3737e+02 6.8654e+02 6.0207e+02 6.1521e+02
  68.7500 5.9634e+02 5.2626e+02 6.7275e+02 5.2656e+02 6.7248e+02 5.8988e+02 6.0272e+02
  69.0000 5.8428e+02 5.1571e+02 6.5901e+02 5.1600e+02 6.5875e+02 5.7798e+02 5.9051e+02
  69.2500 5.7250e+02 5.0540e+02 6.4559e+02 5.0568e+02 6.4533e+02 5.6635e+02 5.7859e+02
  69.5000 5.6100e+02 4.9532e+02 6.3248e+02 4.9560e+02 6.3224e+02 5.5498e+02 5.6694e+02
  69.7500 5.4976e+02 4.8547e+02 6.1968e+02 4.8574e+02 6.1944e+02 5.4388e+02 5.5557e+02
  70.0000 5.3877e+02 4.7585e+02 6.0718e+02 4.7611e+02 6.0694e+02 5.3303e+02 5.4445e+02
  70.2500 5.2804e+02 4.6644e+02 5.9496e+02 4.6670e+02 5.9473e+02 5.2243e+02 5.3358e+02
  70.5000 5.1755e+02 4.5725e+02 5.8302e+02 4.5750e+02 5.8280e+02 5.1207e+02 5.2297e+02
  70.7500 5.0730e+02 4.4826e+02 5.7136e+02 4.4851e+02 5.7114e+02 5.0194e+02 5.1259e+02
  71.0000 4.9728e+02 4.3948e+02 5.5997e+02 4.3972e+02 5.5975e+02 4.9204e+02 5.0245e+02
  71.2500 4.8748e+02 4.3089e+02 5.4883e+02 4.3112e+02 5.4862e+02 4.8237e+02 4.9254e+02
  71.5000 4.7791e+02 4.2250e+02 5.3795e+02 4.2272e+02 5.3775e+02 4.7291e+02 4.8286e+02
  71.7500 4.6855e+02 4.1429e+02 5.2731e+02 4.1451e+02 5.2711e+02 4.6366e+02 4.7339e+02
  72.0000 4.5940e+02 4.0626e+02 5.1692e+02 4.0648e+02 5.1672e+02 4.5462e+02 4.6413e+02
  72.2500 4.5046e+02 3.9841e+02 5.0675e+02 3.9862e+02 5.0656e+02 4.4579e+02 4.5508e+02
  72.5000 4.4171e+02 3.9073e+02 4.9682e+02 3.9094e+02 4.9664e+02 4.3714e+02 4.4623e+02
  72.7500 4.3316e+02 3.8323e+02 4.8711e+02 3.8343e+02 4.8693e+02 4.2869e+02 4.3758e+02
  73.0000 4.2479e+02 3.7588e+02 4.7761e+02 3.7608e+02 4.7744e+02 4.2043e+02 4.2912e+02
  73.2500 4.1662e+02 3.6870e+02 4.6833e+02 3.6889e+02 4.6816e+02 4.1234e+02 4.2084e+02
  73.5000 4.0862e+02 3.6168e+02 4.5925e+02 3.6186e+02 4.5908e+02 4.0444e+02 4.1275e+02
  73.7500 4.0079e+02 3.5481e+02 4.5037e+02 3.5499e+02 4.5021e+02 3.9671e+02 4.0483e+02
  74.0000 3.9314e+02 3.4808e+02 4.4169e+02 3.4826e+02 4.4153e+02 3.8914e+02 3.9709e+02
  74.2500 3.8565e+02 3.4150e+02 4.3320e+02 3.4168e+02 4.3304e+02 3.8174e+02 3.8952e+02
  74.5000 3.7833e+02 3.3507e+02 4.2490e+02 3.3524e+02 4.2474e+02 3.7450e+02 3.8211e+02
  74.7500 3.7116e+02 3.2877e+02 4.1677e+02 3.2894e+02 4.1662e+02 3.6742e+02 3.7487e+02
  75.0000 3.6415e+02 3.2261e+02 4.0882e+02 3.2277e+02 4.0868e+02 3.6049e+02 3.6777e+02
  75.2500 3.5729e+02 3.1658e+02 4.0105e+02 3.1674e+02 4.0090e+02 3.5371e+02 3.6084e+02
  75.5000 3.5058e+02 3.1068e+02 3.9344e+02 3.1083e+02 3.9330e+02 3.4707e+02 3.5405e+02
  75.7500 3.4401e+02 3.0491e+02 3.8600e+02 3.0506e+02 3.8586e+02 3.4058e+02 3.4741e+02
  76.0000 3.3758e+02 2.9925e+02 3.7872e+02 2.9940e+02 3.7858e+02 3.3422e+02 3.4091e+02
  76.2500 3.3129e+02 2.9372e+02 3.7160e+02 2.9386e+02 3.7146e+02 3.2800e+02 3.3455e+02
  76.5000 3.2513e+02 2.8830e+02 3.6462e+02 2.8844e+02 3.6450e+02 3.2192e+02 3.2832e+02
  76.7500 3.1911e+02 2.8300e+02 3.5780e+02 2.8314e+02 3.5768e+02 3.1596e+02 3.2223e+02
  77.0000 3.1321e+02 2.7781e+02 3.5113e+02 2.7794e+02 3.5100e+02 3.1012e+02 3.1626e+02
  77.2500 3.0743e+02 2.7272e+02 3.4459e+02 2.7286e+02 3.4447e+02 3.0442e+02 3.1042e+02
  77.5000 3.0178e+02 2.6775e+02 3.3820e+02 2.6788e+02 3.3808e+02 2.9882e+02 3.0471e+02
  77.7500 2.9625e+02 2.6287e+02 3.3194e+02 2.6300e+02 3.3182e+02 2.9335e+02 2.9911e+02
  78.0000 2.9083e+02 2.5810e+02 3.2581e+02 2.5822e+02 3.2570e+02 2.8799e+02 2.9364e+02
  78.2500 2.8552e+02 2.5343e+02 3.1982e+02 2.5355e+02 3.1970e+02 2.8275e+02 2.8827e+02
  78.5000 2.8032e+02 2.4885e+02 3.1394e+02 2.4897e+02 3.1384e+02 2.7761e+02 2.8302e+02
  78.7500 2.7524e+02 2.4436e+02 3.0820e+02 2.4448e+02 3.0809e+02 2.7257e+02 2.7788e+02
  79.0000 2.7026e+02 2.3997e+02 3.0257e+02 2.4009e+02 3.0246e+02 2.6765e+02 2.7284e+02
  79.2500 2.6538e+02 2.3567e+02 2.9706e+02 2.3578e+02 2.9696e+02 2.6282e+02 2.6791e+02
  79.5000 2.6060e+02 2.3146e+02 2.9166e+02 2.3157e+02 2.9156e+02 2.5810e+02 2.6308e+02
  79.7500 2.5592e+02 2.2733e+02 2.8638e+02 2.2744e+02 2.8628e+02 2.5347e+02 2.5835e+02
  80.0000 2.5133e+02 2.2329e+02 2.8120e+02 2.2339e+02 2.8111e+02 2.4893e+02 2.5372e+02
  80.2500 2.4684e+02 2.1933e+02 2.7614e+02 2.1943e+02 2.7604e+02 2.4449e+02 2.4918e+02
  80.5000 2.4244e+02 2.1544e+02 2.7117e+02 2.1554e+02 2.7108e+02 2.4013e+02 2.4473e+02
  80.7500 2.3813e+02 2.1164e+02 2.6631e+02 2.1174e+02 2.6622e+02 2.3587e+02 2.4038e+02
  81.0000 2.3391e+02 2.0791e+02 2.6155e+02 2.0801e+02 2.6146e+02 2.3169e+02 2.3611e+02
  81.2500 2.2977e+02 2.0426e+02 2.5688e+02 2.0435e+02 2.5680e+02 2.2760e+02 2.3193e+02
  81.5000 2.2572e+02 2.0068e+02 2.5231e+02 2.0077e+02 2.5223e+02 2.2359e+02 2.2783e+02
  81.7500 2.2175e+02 1.9717e+02 2.4784e+02 1.9726e+02 2.4775e+02 2.1966e+02 2.2382e+02
  82.0000 2.1785e+02 1.9374e+02 2.4345e+02 1.9382e+02 2.4337e+02 2.1581e+02 2.1988e+02
  82.2500 2.1404e+02 1.9037e+02 2.3915e+02 1.9045e+02 2.3907e+02 2.1203e+02 2.1603e+02
  82.5000 2.1030e+02 1.8706e+02 2.3494e+02 1.8715e+02 2.3487e+02 2.0833e+02 2.1225e+02
  82.7500 2.0663e+02 1.8383e+02 2.3082e+02 1.8391e+02 2.3074e+02 2.0471e+02 2.0855e+02
  83.0000 2.0304e+02 1.8065e+02 2.2677e+02 1.8073e+02 2.2670e+02 2.0115e+02 2.0492e+02
  83.2500 1.9952e+02 1.7754e+02 2.2281e+02 1.7762e+02 2.2274e+02 1.9767e+02 2.0137e+02
  83.5000 1.9607e+02 1.7449e+02 2.1893e+02 1.7457e+02 2.1885e+02 1.9425e+02 1.9788e+02
  83.7500 1.9269e+02 1.7150e+02 2.1512e+02 1.7157e+02 2.1505e+02 1.9091e+02 1.9446e+02
  84.0000 1.8937e+02 1.6857e+02 2.1139e+02 1.6864e+02 2.1132e+02 1.8762e+02 1.9111e+02
  84.2500 1.8612e+02 1.6569e+02 2.0773e+02 1.6576e+02 2.0766e+02 1.8441e+02 1.8783e+02
  84.5000 1.8294e+02 1.6287e+02 2.0415e+02 1.6294e+02 2.0408e+02 1.8125e+02 1.8461e+02
  84.7500 1.7981e+02 1.6011e+02 2.0063e+02 1.6018e+02 2.0057e+02 1.7816e+02 1.8145e+02
  85.0000 1.7675e+02 1.5740e+02 1.9718e+02 1.5746e+02 1.9712e+02 1.7512e+02 1.7835e+02
  85.2500 1.7374e+02 1.5474e+02 1.9381e+02 1.5480e+02 1.9374e+02 1.7215e+02 1.7532e+02
  85.5000 1.7079e+02 1.5213e+02 1.9049e+02 1.5219e+02 1.9043e+02 1.6923e+02 1.7234e+02
  85.7500 1.6790e+02 1.4957e+02 1.8725e+02 1.4963e+02 1.8719e+02 1.6637e+02 1.6942e+02
  86.0000 1.6507e+02 1.4706e+02 1.8406e+02 1.4712e+02 1.8400e+02 1.6357e+02 1.6656e+02
  86.2500 1.6229e+02 1.4460e+02 1.8094e+02 1.4466e+02 1.8088e+02 1.6082e+02 1.6375e+02
  86.5000 1.5956e+02 1.4218e+02 1.7788e+02 1.4225e+02 1.7782e+02 1.5812e+02 1.6100e+02
  86.7500 1.5689e+02 1.3982e+02 1.7487e+02 1.3988e+02 1.7482e+02 1.5547e+02 1.5830e+02
  87.0000 1.5426e+02 1.3749e+02 1.7193e+02 1.3755e+02 1.7187e+02 1.5287e+02 1.5565e+02
  87.2500 1.5169e+02 1.3521e+02 1.6904e+02 1.3527e+02 1.6898e+02 1.5032e+02 1.5305e+02
  87.5000 1.4917e+02 1.3298e+02 1.6620e+02 1.3303e+02 1.6615e+02 1.4782e+02 1.5050e+02
  87.7500 1.4669e+02 1.3078e+02 1.6342e+02 1.3084e+02 1.6337e+02 1.4537e+02 1.4800e+02
  88.0000 1.4426e+02 1.2863e+02 1.6070e+02 1.2868e+02 1.6065e+02 1.4297e+02 1.4554e+02
  88.2500 1.4187e+02 1.2652e+02 1.5802e+02 1.2657e+02 1.5797e+02 1.4060e+02 1.4314e+02
  88.5000 1.3953e+02 1.2444e+02 1.5540e+02 1.2449e+02 1.5535e+02 1.3829e+02 1.4078e+02
  88.7500 1.3724e+02 1.2241e+02 1.5282e+02 1.2246e+02 1.5277e+02 1.3602e+02 1.3846e+02
  89.0000 1.3499e+02 1.2041e+02 1.5029e+02 1.2046e+02 1.5025e+02 1.3378e+02 1.3618e+02
  89.2500 1.3278e+02 1.1845e+02 1.4782e+02 1.1850e+02 1.4777e+02 1.3160e+02 1.3395e+02
  89.5000 1.3061e+02 1.1653e+02 1.4538e+02 1.1657e+02 1.4534e+02 1.2945e+02 1.3176e+02
  89.7500 1.2848e+02 1.1464e+02 1.4300e+02 1.1468e+02 1.4295e+02 1.2734e+02 1.2961e+02
  90.0000 1.2639e+02 1.1278e+02 1.4065e+02 1.1283e+02 1.4061e+02 1.2527e+02 1.2750e+02
  90.2500 1.2433e+02 1.1096e+02 1.3835e+02 1.1101e+02 1.3831e+02 1.2324e+02 1.2543e+02
  90.5000 1.2232e+02 1.0918e+02 1.3610e+02 1.0922e+02 1.3606e+02 1.2124e+02 1.2339e+02
  90.7500 1.2034e+02 1.0742e+02 1.3388e+02 1.0747e+02 1.3384e+02 1.1929e+02 1.2140e+02
  91.0000 1.1841e+02 1.0570e+02 1.3171e+02 1.0575e+02 1.3167e+02 1.1736e+02 1.1944e+02
  91.2500 1.1650e+02 1.0401e+02 1.2957e+02 1.0405e+02 1.2953e+02 1.1548e+02 1.1752e+02
  91.5000 1.1463e+02 1.0235e+02 1.2748e+02 1.0239e+02 1.2744e+02 1.1363e+02 1.1563e+02
  91.7500 1.1279e+02 1.0072e+02 1.2542e+02 1.0076e+02 1.2539e+02 1.1181e+02 1.1378e+02
  92.0000 1.1099e+02 9.9123e+01 1.2340e+02 9.9163e+01 1.2337e+02 1.1002e+02 1.1196e+02
  92.2500 1.0922e+02 9.7552e+01 1.2142e+02 9.7591e+01 1.2139e+02 1.0827e+02 1.1017e+02
  92.5000 1.0748e+02 9.6010e+01 1.1948e+02 9.6048e+01 1.1944e+02 1.0655e+02 1.0841e+02
  92.7500 1.0578e+02 9.4494e+01 1.1757e+02 9.4532e+01 1.1753e+02 1.0486e+02 1.0669e+02
  93.0000 1.0410e+02 9.3006e+01 1.1569e+02 9.3043e+01 1.1565e+02 1.0320e+02 1.0500e+02
  93.2500 1.0245e+02 9.1545e+01 1.1385e+02 9.1581e+01 1.1381e+02 1.0157e+02 1.0334e+02
  93.5000 1.0084e+02 9.0109e+01 1.1204e+02 9.0145e+01 1.1200e+02 9.9967e+01 1.0171e+02
  93.7500 9.9251e+01 8.8700e+01 1.1026e+02 8.8734e+01 1.1023e+02 9.8395e+01 1.0011e+02
  94.0000 9.7693e+01 8.7315e+01 1.0852e+02 8.7349e+01 1.0849e+02 9.6851e+01 9.8531e+01
  94.2500 9.6162e+01 8.5955e+01 1.0681e+02 8.5989e+01 1.0677e+02 9.5334e+01 9.6986e+01
  94.5000 9.4658e+01 8.4619e+01 1.0512e+02 8.4652e+01 1.0509e+02 9.3845e+01 9.5469e+01
  94.7500 9.3181e+01 8.3306e+01 1.0347e+02 8.3339e+01 1.0344e+02 9.2382e+01 9.3978e+01
  95.0000 9.1730e+01 8.2017e+01 1.0185e+02 8.2049e+01 1.0182e+02 9.0945e+01 9.2514e+01
  95.2500 9.0305e+01 8.0750e+01 1.0026e+02 8.0782e+01 1.0023e+02 8.9533e+01 9.1075e+01
  95.5000 8.8905e+01 7.9506e+01 9.8692e+01 7.9537e+01 9.8663e+01 8.8146e+01 8.9662e+01
  95.7500 8.7530e+01 7.8283e+01 9.7155e+01 7.8313e+01 9.7126e+01 8.6784e+01 8.8275e+01
  96.0000 8.6179e+01 7.7082e+01 9.5646e+01 7.7112e+01 9.5617e+01 8.5445e+01 8.6911e+01
  96.2500 8.4852e+01 7.5901e+01 9.4162e+01 7.5931e+01 9.4135e+01 8.4130e+01 8.5572e+01
  96.5000 8.3548e+01 7.4742e+01 9.2706e+01 7.4770e+01 9.2678e+01 8.2838e+01 8.4255e+01
  96.7500 8.2266e+01 7.3602e+01 9.1274e+01 7.3630e+01 9.1247e+01 8.1569e+01 8.2962e+01
  97.0000 8.1007e+01 7.2482e+01 8.9868e+01 7.2510e+01 8.9842e+01 8.0321e+01 8.1692e+01
  97.2500 7.9770e+01 7.1381e+01 8.8487e+01 7.1409e+01 8.8461e+01 7.9096e+01 8.0444e+01
  97.5000 7.8555e+01 7.0300e+01 8.7130e+01 7.0326e+01 8.7104e+01 7.7891e+01 7.9217e+01
  97.7500 7.7360e+01 6.9237e+01 8.5796e+01 6.9263e+01 8.5771e+01 7.6708e+01 7.8011e+01
  98.0000 7.6186e+01 6.8192e+01 8.4486e+01 6.8218e+01 8.4461e+01 7.5544e+01 7.6827e+01
  98.2500 7.5033e+01 6.7165e+01 8.3198e+01 6.7190e+01 8.3174e+01 7.4401e+01 7.5663e+01
  98.5000 7.3899e+01 6.6156e+01 8.1933e+01 6.6181e+01 8.1909e+01 7.3278e+01 7.4519e+01
  98.7500 7.2784e+01 6.5164e+01 8.0690e+01 6.5188e+01 8.0666e+01 7.2174e+01 7.3394e+01
  99.0000 7.1689e+01 6.4188e+01 7.9468e+01 6.4213e+01 7.9445e+01 7.1088e+01 7.2289e+01
  99.2500 7.0613e+01 6.3230e+01 7.8267e+01 6.3253e+01 7.8244e+01 7.0022e+01 7.1203e+01
  99.5000 6.9555e+01 6.2287e+01 7.7087e+01 6.2311e+01 7.7064e+01 6.8973e+01 7.0135e+01
  99.7500 6.8515e+01 6.1361e+01 7.5927e+01 6.1384e+01 7.5905e+01 6.7942e+01 6.9086e+01
 100.0000 6.7492e+01 6.0450e+01 7.4787e+01 6.0473e+01 7.4765e+01 6.6929e+01 6.8054e+01
 100.2500 6.6487e+01 5.9555e+01 7.3666e+01 5.9577e+01 7.3645e+01 6.5933e+01 6.7040e+01
 100.5000 6.5499e+01 5.8674e+01 7.2565e+01 5.8696e+01 7.2544e+01 6.4954e+01 6.6043e+01
 100.7500 6.4527e+01 5.7809e+01 7.1482e+01 5.7830e+01 7.1461e+01 6.3991e+01 6.5063e+01
 101.0000 6.3572e+01 5.6957e+01 7.0417e+01 5.6978e+01 7.0397e+01 6.3045e+01 6.4099e+01
 101.2500 6.2633e+01 5.6121e+01 6.9371e+01 5.6141e+01 6.9351e+01 6.2114e+01 6.3152e+01
 101.5000 6.1710e+01 5.5298e+01 6.8342e+01 5.5318e+01 6.8323e+01 6.1199e+01 6.2221e+01
 101.7500 6.0802e+01 5.4488e+01 6.7331e+01 5.4508e+01 6.7311e+01 6.0299e+01 6.1305e+01
 102.0000 5.9910e+01 5.3692e+01 6.6336e+01 5.3712e+01 6.6317e+01 5.9415e+01 6.0404e+01
 102.2500 5.9032e+01 5.2910e+01 6.5359e+01 5.2929e+01 6.5340e+01 5.8545e+01 5.9519e+01
 102.5000 5.8169e+01 5.2140e+01 6.4397e+01 5.2159e+01 6.4379e+01 5.7689e+01 5.8648e+01
 102.7500 5.7320e+01 5.1383e+01 6.3452e+01 5.1402e+01 6.3434e+01 5.6848e+01 5.7791e+01
 103.0000 5.6485e+01 5.0639e+01 6.2523e+01 5.0657e+01 6.2505e+01 5.6020e+01 5.6949e+01
 103.2500 5.5664e+01 4.9906e+01 6.1609e+01 4.9924e+01 6.1591e+01 5.5207e+01 5.6121e+01
 103.5000 5.4857e+01 4.9186e+01 6.0710e+01 4.9204e+01 6.0693e+01 5.4406e+01 5.5307e+01
 103.7500 5.4062e+01 4.8477e+01 5.9826e+01 4.8495e+01 5.9809e+01 5.3619e+01 5.4505e+01
 104.0000 5.3281e+01 4.7780e+01 5.8957e+01 4.7798e+01 5.8940e+01 5.2845e+01 5.3718e+01
 104.2500 5.2513e+01 4.7095e+01 5.8102e+01 4.7112e+01 5.8085e+01 5.2083e+01 5.2943e+01
 104.5000 5.1757e+01 4.6420e+01 5.7261e+01 4.6437e+01 5.7245e+01 5.1334e+01 5.2180e+01
 104.7500 5.1014e+01 4.5757e+01 5.6434e+01 4.5773e+01 5.6418e+01 5.0597e+01 5.1430e+01
 105.0000 5.0283e+01 4.5104e+01 5.5620e+01 4.5120e+01 5.5604e+01 4.9873e+01 5.0693e+01
 105.2500 4.9563e+01 4.4462e+01 5.4820e+01 4.4478e+01 5.4804e+01 4.9159e+01 4.9967e+01
 105.5000 4.8855e+01 4.3830e+01 5.4033e+01 4.3846e+01 5.4017e+01 4.8458e+01 4.9253e+01
 105.7500 4.8159e+01 4.3209e+01 5.3258e+01 4.3224e+01 5.3243e+01 4.7768e+01 4.8551e+01
 106.0000 4.7474e+01 4.2597e+01 5.2497e+01 4.2612e+01 5.2482e+01 4.7089e+01 4.7860e+01
 106.2500 4.6800e+01 4.1995e+01 5.1747e+01 4.2010e+01 5.1733e+01 4.6420e+01 4.7180e+01
 106.5000 4.6137e+01 4.1403e+01 5.1010e+01 4.1418e+01 5.0995e+01 4.5763e+01 4.6511e+01
 106.7500 4.5484e+01 4.0820e+01 5.0285e+01 4.0835e+01 5.0270e+01 4.5116e+01 4.5853e+01
 107.0000 4.4842e+01 4.0245e+01 4.9571e+01 4.0259e+01 4.9557e+01 4.4480e+01 4.5205e+01
 107.2500 4.4211e+01 3.9678e+01 4.8869e+01 3.9692e+01 4.8855e+01 4.3853e+01 4.4568e+01
 107.5000 4.3589e+01 3.9119e+01 4.8178e+01 3.9133e+01 4.8164e+01 4.3237e+01 4.3941e+01
 107.7500 4.2977e+01 3.8570e+01 4.7498e+01 3.8584e+01 4.7484e+01 4.2630e+01 4.3324e+01
 108.0000 4.2375e+01 3.8029e+01 4.6829e+01 3.8043e+01 4.6816e+01 4.2033e+01 4.2717e+01
 108.2500 4.1782e+01 3.7497e+01 4.6170e+01 3.7510e+01 4.6157e+01 4.1446e+01 4.2119e+01
 108.5000 4.1199e+01 3.6973e+01 4.5523e+01 3.6986e+01 4.5510e+01 4.0868e+01 4.1531e+01
 108.7500 4.0625e+01 3.6458e+01 4.4885e+01 3.6471e+01 4.4872e+01 4.0299e+01 4.0952e+01
 109.0000 4.0060e+01 3.5951e+01 4.4257e+01 3.5963e+01 4.4245e+01 3.9739e+01 4.0382e+01
 109.2500 3.9504e+01 3.5451e+01 4.3640e+01 3.5464e+01 4.3628e+01 3.9187e+01 3.9821e+01
 109.5000 3.8957e+01 3.4960e+01 4.3032e+01 3.4972e+01 4.3020e+01 3.8645e+01 3.9269e+01
 109.7500 3.8418e+01 3.4476e+01 4.2434e+01 3.4488e+01 4.2422e+01 3.8110e+01 3.8726e+01
 110.0000 3.7888e+01 3.4000e+01 4.1845e+01 3.4012e+01 4.1833e+01 3.7585e+01 3.8191e+01
 110.2500 3.7366e+01 3.3531e+01 4.1265e+01 3.3543e+01 4.1254e+01 3.7067e+01 3.7665e+01
 110.5000 3.6852e+01 3.3070e+01 4.0695e+01 3.3081e+01 4.0684e+01 3.6557e+01 3.7146e+01
 110.7500 3.6346e+01 3.2615e+01 4.0133e+01 3.2627e+01 4.0122e+01 3.6056e+01 3.6636e+01
 111.0000 3.5848e+01 3.2168e+01 3.9580e+01 3.2179e+01 3.9569e+01 3.5562e+01 3.6134e+01
 111.2500 3.5357e+01 3.1728e+01 3.9036e+01 3.1739e+01 3.9025e+01 3.5076e+01 3.5639e+01
 111.5000 3.4874e+01 3.1294e+01 3.8500e+01 3.1305e+01 3.8489e+01 3.4597e+01 3.5152e+01
 111.7500 3.4399e+01 3.0867e+01 3.7973e+01 3.0878e+01 3.7962e+01 3.4126e+01 3.4673e+01
 112.0000 3.3931e+01 3.0447e+01 3.7453e+01 3.0458e+01 3.7443e+01 3.3661e+01 3.4201e+01
 112.2500 3.3470e+01 3.0033e+01 3.6942e+01 3.0044e+01 3.6931e+01 3.3204e+01 3.3736e+01
 112.5000 3.3016e+01 2.9626e+01 3.6438e+01 2.9636e+01 3.6428e+01 3.2754e+01 3.3279e+01
 112.7500 3.2569e+01 2.9225e+01 3.5942e+01 2.9235e+01 3.5932e+01 3.2311e+01 3.2828e+01
 113.0000 3.2129e+01 2.8829e+01 3.5454e+01 2.8839e+01 3.5444e+01 3.1875e+01 3.2384e+01
 113.2500 3.1696e+01 2.8440e+01 3.4973e+01 2.8450e+01 3.4964e+01 3.1445e+01 3.1947e+01
 113.5000 3.1269e+01 2.8057e+01 3.4500e+01 2.8067e+01 3.4490e+01 3.1022e+01 3.1517e+01
 113.7500 3.0849e+01 2.7680e+01 3.4034e+01 2.7689e+01 3.4024e+01 3.0605e+01 3.1093e+01
 114.0000 3.0435e+01 2.7308e+01 3.3574e+01 2.7317e+01 3.3565e+01 3.0194e+01 3.0675e+01
 114.2500 3.0027e+01 2.6942e+01 3.3122e+01 2.6951e+01 3.3113e+01 2.9790e+01 3.0264e+01
 114.5000 2.9625e+01 2.6581e+01 3.2677e+01 2.6590e+01 3.2668e+01 2.9392e+01 2.9859e+01
 114.7500 2.9230e+01 2.6226e+01 3.2238e+01 2.6235e+01 3.2229e+01 2.9000e+01 2.9460e+01
 115.0000 2.8840e+01 2.5876e+01 3.1806e+01 2.5885e+01 3.1798e+01 2.8613e+01 2.9068e+01
 115.2500 2.8457e+01 2.5532e+01 3.1381e+01 2.5541e+01 3.1372e+01 2.8233e+01 2.8681e+01
 115.5000 2.8079e+01 2.5193e+01 3.0962e+01 2.5201e+01 3.0954e+01 2.7858e+01 2.8300e+01
 115.7500 2.7706e+01 2.4858e+01 3.0550e+01 2.4867e+01 3.0541e+01 2.7489e+01 2.7925e+01
 116.0000 2.7340e+01 2.4529e+01 3.0143e+01 2.4538e+01 3.0135e+01 2.7125e+01 2.7555e+01
 116.2500 2.6979e+01 2.4205e+01 2.9743e+01 2.4213e+01 2.9735e+01 2.6767e+01 2.7191e+01
 116.5000 2.6623e+01 2.3886e+01 2.9349e+01 2.3894e+01 2.9341e+01 2.6415e+01 2.6832e+01
 116.7500 2.6273e+01 2.3571e+01 2.8961e+01 2.3579e+01 2.8953e+01 2.6067e+01 2.6479e+01
 117.0000 2.5927e+01 2.3261e+01 2.8578e+01 2.3269e+01 2.8570e+01 2.5725e+01 2.6131e+01
 117.2500 2.5587e+01 2.2956e+01 2.8201e+01 2.2963e+01 2.8194e+01 2.5387e+01 2.5788e+01
 117.5000 2.5252e+01 2.2655e+01 2.7830e+01 2.2663e+01 2.7823e+01 2.5055e+01 2.5450e+01
 117.7500 2.4922e+01 2.2359e+01 2.7465e+01 2.2366e+01 2.7457e+01 2.4728e+01 2.5117e+01
 118.0000 2.4597e+01 2.2067e+01 2.7105e+01 2.2074e+01 2.7097e+01 2.4405e+01 2.4790e+01
 118.2500 2.4277e+01 2.1779e+01 2.6750e+01 2.1786e+01 2.6742e+01 2.4087e+01 2.4467e+01
 118.5000 2.3961e+01 2.1496e+01 2.6400e+01 2.1503e+01 2.6393e+01 2.3774e+01 2.4148e+01
 118.7500 2.3650e+01 2.1216e+01 2.6056e+01 2.1223e+01 2.6049e+01 2.3466e+01 2.3835e+01
 119.0000 2.3343e+01 2.0941e+01 2.5717e+01 2.0948e+01 2.5709e+01 2.3162e+01 2.3526e+01
 119.2500 2.3042e+01 2.0670e+01 2.5382e+01 2.0677e+01 2.5375e+01 2.2862e+01 2.3221e+01
 119.5000 2.2744e+01 2.0403e+01 2.5053e+01 2.0410e+01 2.5046e+01 2.2567e+01 2.2921e+01
 119.7500 2.2451e+01 2.0140e+01 2.4728e+01 2.0146e+01 2.4722e+01 2.2276e+01 2.2626e+01
 120.0000 2.2162e+01 1.9880e+01 2.4409e+01 1.9887e+01 2.4402e+01 2.1990e+01 2.2335e+01
 120.2500 2.1877e+01 1.9625e+01 2.4094e+01 1.9631e+01 2.4087e+01 2.1707e+01 2.2047e+01
 120.5000 2.1597e+01 1.9373e+01 2.3783e+01 1.9379e+01 2.3777e+01 2.1429e+01 2.1765e+01
 120.7500 2.1320e+01 1.9124e+01 2.3477e+01 1.9131e+01 2.3471e+01 2.1155e+01 2.1486e+01
 121.0000 2.1048e+01 1.8880e+01 2.3176e+01 1.8886e+01 2.3169e+01 2.0885e+01 2.1211e+01
 121.2500 2.0779e+01 1.8639e+01 2.2879e+01 1.8645e+01 2.2872e+01 2.0618e+01 2.0941e+01
 121.5000 2.0514e+01 1.8401e+01 2.2586e+01 1.8407e+01 2.2580e+01 2.0356e+01 2.0674e+01
 121.7500 2.0253e+01 1.8167e+01 2.2297e+01 1.8173e+01 2.2291e+01 2.0097e+01 2.0411e+01
 122.0000 1.9996e+01 1.7936e+01 2.2013e+01 1.7942e+01 2.2007e+01 1.9842e+01 2.0151e+01
 122.2500 1.9743e+01 1.7708e+01 2.1732e+01 1.7714e+01 2.1727e+01 1.9590e+01 1.9896e+01
 122.5000 1.9493e+01 1.7484e+01 2.1456e+01 1.7490e+01 2.1450e+01 1.9343e+01 1.9644e+01
 122.7500 1.9247e+01 1.7263e+01 2.1184e+01 1.7269e+01 2.1178e+01 1.9098e+01 1.9396e+01
 123.0000 1.9004e+01 1.7045e+01 2.0916e+01 1.7051e+01 2.0910e+01 1.8858e+01 1.9151e+01
 123.2500 1.8765e+01 1.6830e+01 2.0651e+01 1.6836e+01 2.0645e+01 1.8620e+01 1.8910e+01
 123.5000 1.8529e+01 1.6619e+01 2.0390e+01 1.6624e+01 2.0385e+01 1.8386e+01 1.8672e+01
 123.7500 1.8297e+01 1.6410e+01 2.0133e+01 1.6415e+01 2.0128e+01 1.8156e+01 1.8438e+01
 124.0000 1.8067e+01 1.6204e+01 1.9880e+01 1.6209e+01 1.9875e+01 1.7928e+01 1.8207e+01
 124.2500 1.7841e+01 1.6001e+01 1.9630e+01 1.6006e+01 1.9625e+01 1.7704e+01 1.7979e+01
 124.5000 1.7619e+01 1.5801e+01 1.9384e+01 1.5806e+01 1.9379e+01 1.7483e+01 1.7755e+01
 124.7500 1.7399e+01 1.5604e+01 1.9141e+01 1.5609e+01 1.9136e+01 1.7265e+01 1.7533e+01
 125.0000 1.7182e+01 1.5410e+01 1.8902e+01 1.5415e+01 1.8897e+01 1.7050e+01 1.7315e+01
 125.2500 1.6969e+01 1.5218e+01 1.8666e+01 1.5223e+01 1.8661e+01 1.6839e+01 1.7100e+01
 125.5000 1.6758e+01 1.5029e+01 1.8434e+01 1.5034e+01 1.8429e+01 1.6630e+01 1.6887e+01
 125.7500 1.6551e+01 1.4843e+01 1.8205e+01 1.4848e+01 1.8200e+01 1.6424e+01 1.6678e+01
 126.0000 1.6346e+01 1.4659e+01 1.7978e+01 1.4664e+01 1.7974e+01 1.6221e+01 1.6472e+01
 126.2500 1.6144e+01 1.4478e+01 1.7756e+01 1.4482e+01 1.7751e+01 1.6021e+01 1.6269e+01
 126.5000 1.5945e+01 1.4299e+01 1.7536e+01 1.4304e+01 1.7531e+01 1.5823e+01 1.6068e+01
 126.7500 1.5749e+01 1.4123e+01 1.7319e+01 1.4128e+01 1.7314e+01 1.5629e+01 1.5870e+01
 127.0000 1.5556e+01 1.3949e+01 1.7106e+01 1.3954e+01 1.7101e+01 1.5437e+01 1.5675e+01
 127.2500 1.5365e+01 1.3778e+01 1.6895e+01 1.3783e+01 1.6890e+01 1.5248e+01 1.5483e+01
 127.5000 1.5177e+01 1.3609e+01 1.6687e+01 1.3614e+01 1.6683e+01 1.5061e+01 1.5293e+01
 127.7500 1.4991e+01 1.3443e+01 1.6482e+01 1.3447e+01 1.6478e+01 1.4877e+01 1.5106e+01
 128.0000 1.4808e+01 1.3278e+01 1.6280e+01 1.3283e+01 1.6276e+01 1.4695e+01 1.4922e+01
 128.2500 1.4628e+01 1.3116e+01 1.6081e+01 1.3120e+01 1.6077e+01 1.4516e+01 1.4740e+01
 128.5000 1.4450e+01 1.2957e+01 1.5884e+01 1.2961e+01 1.5880e+01 1.4340e+01 1.4561e+01
 128.7500 1.4274e+01 1.2799e+01 1.5691e+01 1.2803e+01 1.5687e+01 1.4166e+01 1.4384e+01
 129.0000 1.4101e+01 1.2644e+01 1.5500e+01 1.2648e+01 1.5495e+01 1.3994e+01 1.4209e+01
 129.2500 1.3930e+01 1.2490e+01 1.5311e+01 1.2494e+01 1.5307e+01 1.3824e+01 1.4037e+01
 129.5000 1.3762e+01 1.2339e+01 1.5125e+01 1.2343e+01 1.5121e+01 1.3657e+01 1.3867e+01
 129.7500 1.3596e+01 1.2190e+01 1.4942e+01 1.2194e+01 1.4938e+01 1.3492e+01 1.3700e+01
 130.0000 1.3432e+01 1.2043e+01 1.4761e+01 1.2047e+01 1.4757e+01 1.3330e+01 1.3535e+01
 130.2500 1.3270e+01 1.1898e+01 1.4583e+01 1.1902e+01 1.4579e+01 1.3169e+01 1.3372e+01
 130.5000 1.3111e+01 1.1755e+01 1.4407e+01 1.1758e+01 1.4403e+01 1.3011e+01 1.3211e+01
 130.7500 1.2954e+01 1.1613e+01 1.4233e+01 1.1617e+01 1.4229e+01 1.2855e+01 1.3052e+01
 131.0000 1.2798e+01 1.1474e+01 1.4062e+01 1.1478e+01 1.4058e+01 1.2701e+01 1.2896e+01
 131.2500 1.2645e+01 1.1337e+01 1.3893e+01 1.1340e+01 1.3890e+01 1.2549e+01 1.2742e+01
 131.5000 1.2494e+01 1.1201e+01 1.3727e+01 1.1205e+01 1.3723e+01 1.2400e+01 1.2589e+01
 131.7500 1.2345e+01 1.1067e+01 1.3562e+01 1.1071e+01 1.3559e+01 1.2252e+01 1.2439e+01
 132.0000 1.2198e+01 1.0936e+01 1.3400e+01 1.0939e+01 1.3397e+01 1.2106e+01 1.2291e+01
 132.2500 1.2053e+01 1.0805e+01 1.3240e+01 1.0809e+01 1.3237e+01 1.1962e+01 1.2145e+01
 132.5000 1.1910e+01 1.0677e+01 1.3083e+01 1.0680e+01 1.3079e+01 1.1820e+01 1.2001e+01
 132.7500 1.1769e+01 1.0550e+01 1.2927e+01 1.0554e+01 1.2924e+01 1.1680e+01 1.1859e+01
 133.0000 1.1630e+01 1.0425e+01 1.2773e+01 1.0428e+01 1.2770e+01 1.1542e+01 1.1718e+01
 133.2500 1.1492e+01 1.0302e+01 1.2622e+01 1.0305e+01 1.2618e+01 1.1405e+01 1.1580e+01
 133.5000 1.1357e+01 1.0180e+01 1.2472e+01 1.0183e+01 1.2469e+01 1.1271e+01 1.1443e+01
 133.7500 1.1223e+01 1.0060e+01 1.2325e+01 1.0063e+01 1.2322e+01 1.1138e+01 1.1308e+01
 134.0000 1.1091e+01 9.9417e+00 1.2179e+01 9.9447e+00 1.2176e+01 1.1007e+01 1.1175e+01
 134.2500 1.0961e+01 9.8248e+00 1.2036e+01 9.8278e+00 1.2033e+01 1.0878e+01 1.1044e+01
 134.5000 1.0832e+01 9.7094e+00 1.1894e+01 9.7124e+00 1.1891e+01 1.0750e+01 1.0914e+01
 134.7500 1.0705e+01 9.5955e+00 1.1754e+01 9.5985e+00 1.1751e+01 1.0624e+01 1.0786e+01
 135.0000 1.0580e+01 9.4832e+00 1.1616e+01 9.4861e+00 1.1613e+01 1.0500e+01 1.0660e+01
 135.2500 1.0457e+01 9.3723e+00 1.1480e+01 9.3752e+00 1.1477e+01 1.0378e+01 1.0536e+01
 135.5000 1.0335e+01 9.2629e+00 1.1346e+01 9.2657e+00 1.1343e+01 1.0257e+01 1.0413e+01
 135.7500 1.0214e+01 9.1549e+00 1.1213e+01 9.1577e+00 1.1210e+01 1.0137e+01 1.0292e+01
 136.0000 1.0095e+01 9.0483e+00 1.1082e+01 9.0511e+00 1.1079e+01 1.0020e+01 1.0172e+01
 136.2500 9.9782e+00 8.9431e+00 1.0953e+01 8.9459e+00 1.0950e+01 9.9032e+00 1.0054e+01
 136.5000 9.8625e+00 8.8393e+00 1.0826e+01 8.8420e+00 1.0823e+01 9.7884e+00 9.9372e+00
 136.7500 9.7484e+00 8.7369e+00 1.0700e+01 8.7395e+00 1.0697e+01 9.6751e+00 9.8221e+00
 137.0000 9.6357e+00 8.6357e+00 1.0576e+01 8.6384e+00 1.0573e+01 9.5633e+00 9.7086e+00
 137.2500 9.5244e+00 8.5359e+00 1.0453e+01 8.5385e+00 1.0450e+01 9.4529e+00 9.5965e+00
 137.5000 9.4146e+00 8.4374e+00 1.0332e+01 8.4399e+00 1.0329e+01 9.3440e+00 9.4858e+00
 137.7500 9.3063e+00 8.3401e+00 1.0213e+01 8.3427e+00 1.0210e+01 9.2364e+00 9.3766e+00
 138.0000 9.1993e+00 8.2442e+00 1.0095e+01 8.2467e+00 1.0092e+01 9.1303e+00 9.2688e+00
 138.2500 9.0937e+00 8.1494e+00 9.9786e+00 8.1519e+00 9.9760e+00 9.0255e+00 9.1624e+00
 138.5000 8.9894e+00 8.0559e+00 9.8638e+00 8.0583e+00 9.8612e+00 8.9221e+00 9.0573e+00
 138.7500 8.8865e+00 7.9635e+00 9.7505e+00 7.9659e+00 9.7479e+00 8.8200e+00 8.9536e+00
 139.0000 8.7849e+00 7.8724e+00 9.6386e+00 7.8748e+00 9.6360e+00 8.7192e+00 8.8513e+00
 139.2500 8.6846e+00 7.7824e+00 9.5281e+00 7.7847e+00 9.5256e+00 8.6196e+00 8.7502e+00
 139.5000 8.5856e+00 7.6936e+00 9.4191e+00 7.6959e+00 9.4166e+00 8.5214e+00 8.6504e+00
 139.7500 8.4879e+00 7.6059e+00 9.3115e+00 7.6082e+00 9.3090e+00 8.4244e+00 8.5519e+00
 140.0000 8.3914e+00 7.5193e+00 9.2052e+00 7.5216e+00 9.2027e+00 8.3286e+00 8.4547e+00
 140.2500 8.2961e+00 7.4338e+00 9.1003e+00 7.4360e+00 9.0978e+00 8.2341e+00 8.3587e+00
 140.5000 8.2020e+00 7.3494e+00 8.9967e+00 7.3516e+00 8.9943e+00 8.1407e+00 8.2639e+00
 140.7500 8.1092e+00 7.2661e+00 8.8944e+00 7.2683e+00 8.8920e+00 8.0486e+00 8.1703e+00
 141.0000 8.0175e+00 7.1838e+00 8.7935e+00 7.1860e+00 8.7911e+00 7.9576e+00 8.0779e+00
 141.2500 7.9269e+00 7.1026e+00 8.6938e+00 7.1047e+00 8.6915e+00 7.8678e+00 7.9867e+00
 141.5000 7.8376e+00 7.0224e+00 8.5954e+00 7.0245e+00 8.5931e+00 7.7791e+00 7.8966e+00
 141.7500 7.7493e+00 6.9433e+00 8.4983e+00 6.9454e+00 8.4960e+00 7.6915e+00 7.8077e+00
 142.0000 7.6622e+00 6.8651e+00 8.4024e+00 6.8672e+00 8.4001e+00 7.6050e+00 7.7199e+00
 142.2500 7.5762e+00 6.7879e+00 8.3077e+00 6.7900e+00 8.3054e+00 7.5197e+00 7.6332e+00
 142.5000 7.4912e+00 6.7117e+00 8.2142e+00 6.7137e+00 8.2120e+00 7.4354e+00 7.5476e+00
 142.7500 7.4074e+00 6.6365e+00 8.1219e+00 6.6385e+00 8.1197e+00 7.3521e+00 7.4631e+00
 143.0000 7.3246e+00 6.5622e+00 8.0308e+00 6.5642e+00 8.0286e+00 7.2700e+00 7.3796e+00
 143.2500 7.2428e+00 6.4889e+00 7.9408e+00 6.4908e+00 7.9386e+00 7.1888e+00 7.2973e+00
 143.5000 7.1621e+00 6.4164e+00 7.8519e+00 6.4183e+00 7.8498e+00 7.1087e+00 7.2159e+00
 143.7500 7.0823e+00 6.3449e+00 7.7642e+00 6.3468e+00 7.7621e+00 7.0296e+00 7.1356e+00
 144.0000 7.0036e+00 6.2743e+00 7.6776e+00 6.2762e+00 7.6755e+00 6.9515e+00 7.0562e+00
 144.2500 6.9258e+00 6.2045e+00 7.5920e+00 6.2064e+00 7.5900e+00 6.8743e+00 6.9779e+00
 144.5000 6.8491e+00 6.1357e+00 7.5076e+00 6.1375e+00 7.5056e+00 6.7981e+00 6.9005e+00
 144.7500 6.7733e+00 6.0677e+00 7.4242e+00 6.0695e+00 7.4222e+00 6.7229e+00 6.8241e+00
 145.0000 6.6984e+00 6.0005e+00 7.3418e+00 6.0023e+00 7.3398e+00 6.6486e+00 6.7487e+00
 145.2500 6.6245e+00 5.9342e+00 7.2605e+00 5.9359e+00 7.2585e+00 6.5752e+00 6.6742e+00
 145.5000 6.5514e+00 5.8687e+00 7.1801e+00 5.8704e+00 7.1782e+00 6.5027e+00 6.6006e+00
 145.7500 6.4793e+00 5.8040e+00 7.1008e+00 5.8057e+00 7.0989e+00 6.4311e+00 6.5279e+00
 146.0000 6.4081e+00 5.7401e+00 7.0225e+00 5.7418e+00 7.0206e+00 6.3605e+00 6.4561e+00
 146.2500 6.3377e+00 5.6770e+00 6.9451e+00 5.6787e+00 6.9433e+00 6.2907e+00 6.3853e+00
 146.5000 6.2683e+00 5.6147e+00 6.8687e+00 5.6163e+00 6.8669e+00 6.2217e+00 6.3153e+00
 146.7500 6.1996e+00 5.5531e+00 6.7933e+00 5.5548e+00 6.7915e+00 6.1536e+00 6.2461e+00
 147.0000 6.1319e+00 5.4923e+00 6.7188e+00 5.4940e+00 6.7169e+00 6.0863e+00 6.1778e+00
 147.2500 6.0649e+00 5.4323e+00 6.6452e+00 5.4339e+00 6.6434e+00 6.0199e+00 6.1104e+00
 147.5000 5.9988e+00 5.3730e+00 6.5725e+00 5.3746e+00 6.5707e+00 5.9543e+00 6.0438e+00
 147.7500 5.9335e+00 5.3144e+00 6.5007e+00 5.3160e+00 6.4989e+00 5.8895e+00 5.9779e+00
 148.0000 5.8690e+00 5.2566e+00 6.4297e+00 5.2581e+00 6.4280e+00 5.8255e+00 5.9129e+00
 148.2500 5.8053e+00 5.1994e+00 6.3597e+00 5.2009e+00 6.3580e+00 5.7622e+00 5.8487e+00
 148.5000 5.7423e+00 5.1429e+00 6.2905e+00 5.1445e+00 6.2888e+00 5.6997e+00 5.7853e+00
 148.7500 5.6802e+00 5.0872e+00 6.2222e+00 5.0887e+00 6.2205e+00 5.6380e+00 5.7227e+00
 149.0000 5.6187e+00 5.0321e+00 6.1547e+00 5.0336e+00 6.1530e+00 5.5771e+00 5.6608e+00
 149.2500 5.5581e+00 4.9777e+00 6.0880e+00 4.9791e+00 6.0864e+00 5.5169e+00 5.5996e+00
 149.5000 5.4981e+00 4.9239e+00 6.0221e+00 4.9254e+00 6.0205e+00 5.4574e+00 5.5393e+00
 149.7500 5.4389e+00 4.8708e+00 5.9571e+00 4.8723e+00 5.9555e+00 5.3986e+00 5.4796e+00
 150.0000 5.3804e+00 4.8184e+00 5.8928e+00 4.8198e+00 5.8912e+00 5.3406e+00 5.4207e+00
 150.2500 5.3227e+00 4.7666e+00 5.8293e+00 4.7679e+00 5.8277e+00 5.2832e+00 5.3624e+00
 150.5000 5.2656e+00 4.7154e+00 5.7666e+00 4.7167e+00 5.7650e+00 5.2266e+00 5.3049e+00
 150.7500 5.2092e+00 4.6648e+00 5.7046e+00 4.6661e+00 5.7031e+00 5.1706e+00 5.2481e+00
 151.0000 5.1535e+00 4.6148e+00 5.6434e+00 4.6162e+00 5.6419e+00 5.1153e+00 5.1920e+00
 151.2500 5.0984e+00 4.5654e+00 5.5829e+00 4.5668e+00 5.5814e+00 5.0607e+00 5.1365e+00
 151.5000 5.0440e+00 4.5167e+00 5.5232e+00 4.5180e+00 5.5217e+00 5.0067e+00 5.0817e+00
 151.7500 4.9903e+00 4.4685e+00 5.4642e+00 4.4698e+00 5.4627e+00 4.9534e+00 5.0276e+00
 152.0000 4.9372e+00 4.4209e+00 5.4058e+00 4.4222e+00 5.4044e+00 4.9007e+00 4.9741e+00
 152.2500 4.8847e+00 4.3738e+00 5.3482e+00 4.3751e+00 5.3468e+00 4.8486e+00 4.9212e+00
 152.5000 4.8329e+00 4.3273e+00 5.2913e+00 4.3286e+00 5.2899e+00 4.7972e+00 4.8690e+00
 152.7500 4.7817e+00 4.2814e+00 5.2351e+00 4.2827e+00 5.2336e+00 4.7464e+00 4.8174e+00
 153.0000 4.7311e+00 4.2360e+00 5.1795e+00 4.2373e+00 5.1781e+00 4.6961e+00 4.7664e+00
 153.2500 4.6811e+00 4.1912e+00 5.1246e+00 4.1924e+00 5.1232e+00 4.6465e+00 4.7160e+00
 153.5000 4.6317e+00 4.1469e+00 5.0703e+00 4.1481e+00 5.0690e+00 4.5975e+00 4.6662e+00
 153.7500 4.5829e+00 4.1031e+00 5.0167e+00 4.1043e+00 5.0154e+00 4.5490e+00 4.6171e+00
 154.0000 4.5346e+00 4.0599e+00 4.9637e+00 4.0610e+00 4.9624e+00 4.5011e+00 4.5685e+00
 154.2500 4.4870e+00 4.0171e+00 4.9114e+00 4.0183e+00 4.9101e+00 4.4538e+00 4.5204e+00
 154.5000 4.4398e+00 3.9749e+00 4.8597e+00 3.9760e+00 4.8584e+00 4.4071e+00 4.4729e+00
 154.7500 4.3933e+00 3.9331e+00 4.8086e+00 3.9343e+00 4.8073e+00 4.3609e+00 4.4261e+00
 155.0000 4.3473e+00 3.8919e+00 4.7581e+00 3.8930e+00 4.7568e+00 4.3152e+00 4.3797e+00
 155.2500 4.3018e+00 3.8511e+00 4.7082e+00 3.8522e+00 4.7069e+00 4.2701e+00 4.3339e+00
 155.5000 4.2569e+00 3.8108e+00 4.6588e+00 3.8119e+00 4.6576e+00 4.2255e+00 4.2886e+00
 155.7500 4.2125e+00 3.7710e+00 4.6101e+00 3.7721e+00 4.6089e+00 4.1814e+00 4.2439e+00
 156.0000 4.1686e+00 3.7317e+00 4.5619e+00 3.7328e+00 4.5607e+00 4.1379e+00 4.1997e+00
 156.2500 4.1252e+00 3.6928e+00 4.5143e+00 3.6939e+00 4.5131e+00 4.0948e+00 4.1560e+00
 156.5000 4.0824e+00 3.6544e+00 4.4673e+00 3.6554e+00 4.4661e+00 4.0523e+00 4.1128e+00
 156.7500 4.0400e+00 3.6164e+00 4.4208e+00 3.6174e+00 4.4196e+00 4.0102e+00 4.0701e+00
 157.0000 3.9981e+00 3.5788e+00 4.3749e+00 3.5799e+00 4.3737e+00 3.9687e+00 4.0279e+00
 157.2500 3.9568e+00 3.5417e+00 4.3294e+00 3.5428e+00 4.3283e+00 3.9276e+00 3.9862e+00
 157.5000 3.9159e+00 3.5051e+00 4.2846e+00 3.5061e+00 4.2834e+00 3.8870e+00 3.9450e+00
 157.7500 3.8754e+00 3.4688e+00 4.2402e+00 3.4698e+00 4.2391e+00 3.8469e+00 3.9043e+00
 158.0000 3.8355e+00 3.4330e+00 4.1964e+00 3.4340e+00 4.1952e+00 3.8072e+00 3.8640e+00
 158.2500 3.7960e+00 3.3976e+00 4.1530e+00 3.3986e+00 4.1519e+00 3.7680e+00 3.8242e+00
 158.5000 3.7569e+00 3.3626e+00 4.1102e+00 3.3636e+00 4.1091e+00 3.7293e+00 3.7849e+00
 158.7500 3.7184e+00 3.3280e+00 4.0679e+00 3.3290e+00 4.0668e+00 3.6910e+00 3.7460e+00
 159.0000 3.6802e+00 3.2938e+00 4.0260e+00 3.2948e+00 4.0249e+00 3.6531e+00 3.7076e+00
 159.2500 3.6425e+00 3.2600e+00 3.9846e+00 3.2609e+00 3.9836e+00 3.6157e+00 3.6696e+00
 159.5000 3.6052e+00 3.2266e+00 3.9438e+00 3.2275e+00 3.9427e+00 3.5787e+00 3.6320e+00
 159.7500 3.5684e+00 3.1936e+00 3.9033e+00 3.1945e+00 3.9023e+00 3.5421e+00 3.5949e+00
 160.0000 3.5320e+00 3.1609e+00 3.8634e+00 3.1618e+00 3.8624e+00 3.5060e+00 3.5582e+00
 160.2500 3.4960e+00 3.1286e+00 3.8239e+00 3.1295e+00 3.8229e+00 3.4702e+00 3.5219e+00
 160.5000 3.4604e+00 3.0967e+00 3.7849e+00 3.0976e+00 3.7838e+00 3.4349e+00 3.4861e+00
 160.7500 3.4252e+00 3.0652e+00 3.7463e+00 3.0661e+00 3.7452e+00 3.4000e+00 3.4506e+00
 161.0000 3.3904e+00 3.0340e+00 3.7081e+00 3.0349e+00 3.7071e+00 3.3655e+00 3.4156e+00
 161.2500 3.3560e+00 3.0032e+00 3.6704e+00 3.0040e+00 3.6694e+00 3.3313e+00 3.3809e+00
 161.5000 3.3220e+00 2.9727e+00 3.6331e+00 2.9735e+00 3.6321e+00 3.2976e+00 3.3467e+00
 161.7500 3.2884e+00 2.9426e+00 3.5962e+00 2.9434e+00 3.5953e+00 3.2642e+00 3.3128e+00
 162.0000 3.2551e+00 2.9128e+00 3.5598e+00 2.9136e+00 3.5588e+00 3.2312e+00 3.2793e+00
 162.2500 3.2223e+00 2.8833e+00 3.5238e+00 2.8842e+00 3.5228e+00 3.1986e+00 3.2462e+00
 162.5000 3.1898e+00 2.8542e+00 3.4882e+00 2.8550e+00 3.4872e+00 3.1664e+00 3.2135e+00
 162.7500 3.1577e+00 2.8254e+00 3.4529e+00 2.8262e+00 3.4520e+00 3.1345e+00 3.1811e+00
 163.0000 3.1259e+00 2.7970e+00 3.4181e+00 2.7978e+00 3.4172e+00 3.1030e+00 3.1491e+00
 163.2500 3.0945e+00 2.7688e+00 3.3837e+00 2.7696e+00 3.3828e+00 3.0718e+00 3.1175e+00
 163.5000 3.0635e+00 2.7410e+00 3.3496e+00 2.7418e+00 3.3487e+00 3.0410e+00 3.0862e+00
 163.7500 3.0328e+00 2.7135e+00 3.3160e+00 2.7142e+00 3.3151e+00 3.0105e+00 3.0553e+00
 164.0000 3.0024e+00 2.6863e+00 3.2827e+00 2.6870e+00 3.2818e+00 2.9804e+00 3.0247e+00
 164.2500 2.9724e+00 2.6594e+00 3.2498e+00 2.6601e+00 3.2489e+00 2.9506e+00 2.9945e+00
 164.5000 2.9427e+00 2.6328e+00 3.2173e+00 2.6335e+00 3.2164e+00 2.9211e+00 2.9646e+00
 164.7500 2.9134e+00 2.6065e+00 3.1851e+00 2.6072e+00 3.1842e+00 2.8920e+00 2.9350e+00
 165.0000 2.8843e+00 2.5805e+00 3.1533e+00 2.5812e+00 3.1524e+00 2.8632e+00 2.9057e+00
 165.2500 2.8556e+00 2.5547e+00 3.1218e+00 2.5555e+00 3.1210e+00 2.8347e+00 2.8768e+00
 165.5000 2.8273e+00 2.5293e+00 3.0907e+00 2.5300e+00 3.0899e+00 2.8065e+00 2.8483e+00
 165.7500 2.7992e+00 2.5042e+00 3.0600e+00 2.5049e+00 3.0591e+00 2.7787e+00 2.8200e+00
 166.0000 2.7715e+00 2.4793e+00 3.0296e+00 2.4800e+00 3.0287e+00 2.7511e+00 2.7920e+00
 166.2500 2.7440e+00 2.4547e+00 2.9995e+00 2.4554e+00 2.9987e+00 2.7239e+00 2.7644e+00
 166.5000 2.7169e+00 2.4304e+00 2.9697e+00 2.4311e+00 2.9689e+00 2.6970e+00 2.7370e+00
 166.7500 2.6900e+00 2.4063e+00 2.9403e+00 2.4070e+00 2.9395e+00 2.6703e+00 2.7100e+00
 167.0000 2.6635e+00 2.3825e+00 2.9112e+00 2.3832e+00 2.9104e+00 2.6440e+00 2.6832e+00
 167.2500 2.6372e+00 2.3590e+00 2.8825e+00 2.3597e+00 2.8817e+00 2.6179e+00 2.6568e+00
 167.5000 2.6113e+00 2.3357e+00 2.8540e+00 2.3364e+00 2.8532e+00 2.5921e+00 2.6306e+00
 167.7500 2.5856e+00 2.3127e+00 2.8259e+00 2.3134e+00 2.8251e+00 2.5666e+00 2.6048e+00
 168.0000 2.5602e+00 2.2900e+00 2.7980e+00 2.2906e+00 2.7973e+00 2.5414e+00 2.5792e+00
 168.2500 2.5351e+00 2.2675e+00 2.7705e+00 2.2681e+00 2.7698e+00 2.5165e+00 2.5539e+00
 168.5000 2.5102e+00 2.2452e+00 2.7433e+00 2.2458e+00 2.7425e+00 2.4918e+00 2.5288e+00
 168.7500 2.4856e+00 2.2232e+00 2.7164e+00 2.2238e+00 2.7156e+00 2.4674e+00 2.5041e+00
 169.0000 2.4613e+00 2.2014e+00 2.6897e+00 2.2020e+00 2.6890e+00 2.4433e+00 2.4796e+00
 169.2500 2.4373e+00 2.1799e+00 2.6634e+00 2.1805e+00 2.6627e+00 2.4194e+00 2.4554e+00
 169.5000 2.4135e+00 2.1586e+00 2.6373e+00 2.1592e+00 2.6366e+00 2.3958e+00 2.4314e+00
 169.7500 2.3900e+00 2.1375e+00 2.6116e+00 2.1381e+00 2.6109e+00 2.3725e+00 2.4077e+00
 170.0000 2.3667e+00 2.1166e+00 2.5861e+00 2.1172e+00 2.5854e+00 2.3494e+00 2.3843e+00
 170.2500 2.3437e+00 2.0960e+00 2.5609e+00 2.0966e+00 2.5602e+00 2.3266e+00 2.3611e+00
 170.5000 2.3209e+00 2.0756e+00 2.5359e+00 2.0762e+00 2.5352e+00 2.3040e+00 2.3381e+00
 170.7500 2.2984e+00 2.0555e+00 2.5112e+00 2.0560e+00 2.5106e+00 2.2816e+00 2.3154e+00
 171.0000 2.2761e+00 2.0355e+00 2.4868e+00 2.0361e+00 2.4862e+00 2.2595e+00 2.2930e+00
 171.2500 2.2541e+00 2.0158e+00 2.4627e+00 2.0163e+00 2.4620e+00 2.2376e+00 2.2708e+00
 171.5000 2.2323e+00 1.9962e+00 2.4388e+00 1.9968e+00 2.4382e+00 2.2160e+00 2.2488e+00
 171.7500 2.2107e+00 1.9769e+00 2.4152e+00 1.9775e+00 2.4145e+00 2.1946e+00 2.2271e+00
 172.0000 2.1894e+00 1.9578e+00 2.3918e+00 1.9584e+00 2.3912e+00 2.1734e+00 2.2056e+00
 172.2500 2.1683e+00 1.9389e+00 2.3687e+00 1.9394e+00 2.3681e+00 2.1524e+00 2.1844e+00
 172.5000 2.1474e+00 1.9202e+00 2.3458e+00 1.9207e+00 2.3452e+00 2.1317e+00 2.1633e+00
 172.7500 2.1268e+00 1.9017e+00 2.3232e+00 1.9022e+00 2.3226e+00 2.1112e+00 2.1425e+00
 173.0000 2.1063e+00 1.8834e+00 2.3008e+00 1.8839e+00 2.3002e+00 2.0909e+00 2.1219e+00
 173.2500 2.0861e+00 1.8653e+00 2.2787e+00 1.8658e+00 2.2781e+00 2.0709e+00 2.1016e+00
 173.5000 2.0661e+00 1.8474e+00 2.2568e+00 1.8479e+00 2.2562e+00 2.0510e+00 2.0814e+00
 173.7500 2.0463e+00 1.8296e+00 2.2351e+00 1.8302e+00 2.2345e+00 2.0314e+00 2.0615e+00
 174.0000 2.0267e+00 1.8121e+00 2.2137e+00 1.8126e+00 2.2131e+00 2.0119e+00 2.0417e+00
 174.2500 2.0074e+00 1.7948e+00 2.1925e+00 1.7953e+00 2.1919e+00 1.9927e+00 2.0222e+00
 174.5000 1.9882e+00 1.7776e+00 2.1715e+00 1.7781e+00 2.1709e+00 1.9737e+00 2.0029e+00
 174.7500 1.9693e+00 1.7606e+00 2.1507e+00 1.7611e+00 2.1501e+00 1.9549e+00 1.9838e+00
 175.0000 1.9505e+00 1.7438e+00 2.1302e+00 1.7443e+00 2.1296e+00 1.9362e+00 1.9649e+00
 175.2500 1.9320e+00 1.7272e+00 2.1099e+00 1.7277e+00 2.1093e+00 1.9178e+00 1.9463e+00
 175.5000 1.9136e+00 1.7108e+00 2.0898e+00 1.7112e+00 2.0892e+00 1.8996e+00 1.9278e+00
 175.7500 1.8954e+00 1.6945e+00 2.0699e+00 1.6950e+00 2.0693e+00 1.8816e+00 1.9095e+00
 176.0000 1.8775e+00 1.6784e+00 2.0502e+00 1.6789e+00 2.0496e+00 1.8637e+00 1.8914e+00
 176.2500 1.8597e+00 1.6625e+00 2.0307e+00 1.6630e+00 2.0302e+00 1.8461e+00 1.8735e+00
 176.5000 1.8421e+00 1.6467e+00 2.0115e+00 1.6472e+00 2.0109e+00 1.8286e+00 1.8557e+00
 176.7500 1.8247e+00 1.6311e+00 1.9924e+00 1.6316e+00 1.9919e+00 1.8113e+00 1.8382e+00
 177.0000 1.8075e+00 1.6157e+00 1.9736e+00 1.6162e+00 1.9730e+00 1.7942e+00 1.8209e+00
 177.2500 1.7904e+00 1.6005e+00 1.9549e+00 1.6009e+00 1.9544e+00 1.7773e+00 1.8037e+00
 177.5000 1.7736e+00 1.5854e+00 1.9365e+00 1.5858e+00 1.9359e+00 1.7606e+00 1.7867e+00
 177.7500 1.7569e+00 1.5704e+00 1.9182e+00 1.5709e+00 1.9177e+00 1.7440e+00 1.7699e+00
 178.0000 1.7404e+00 1.5556e+00 1.9001e+00 1.5561e+00 1.8996e+00 1.7276e+00 1.7533e+00
 178.2500 1.7240e+00 1.5410e+00 1.8823e+00 1.5414e+00 1.8817e+00 1.7114e+00 1.7368e+00
 178.5000 1.7079e+00 1.5265e+00 1.8646e+00 1.5270e+00 1.8640e+00 1.6954e+00 1.7205e+00
 178.7500 1.6919e+00 1.5122e+00 1.8471e+00 1.5127e+00 1.8465e+00 1.6795e+00 1.7044e+00
 179.0000 1.6761e+00 1.4980e+00 1.8297e+00 1.4985e+00 1.8292e+00 1.6638e+00 1.6885e+00
 179.2500 1.6604e+00 1.4840e+00 1.8126e+00 1.4844e+00 1.8121e+00 1.6482e+00 1.6727e+00
 179.5000 1.6449e+00 1.4701e+00 1.7956e+00 1.4706e+00 1.7952e+00 1.6329e+00 1.6571e+00
 179.7500 1.6296e+00 1.4564e+00 1.7789e+00 1.4568e+00 1.7784e+00 1.6177e+00 1.6416e+00
 180.0000 1.6144e+00 1.4428e+00 1.7623e+00 1.4432e+00 1.7618e+00 1.6026e+00 1.6263e+00
 180.2500 1.5994e+00 1.4294e+00 1.7458e+00 1.4298e+00 1.7453e+00 1.5877e+00 1.6112e+00
 180.5000 1.5845e+00 1.4161e+00 1.7296e+00 1.4165e+00 1.7291e+00 1.5729e+00 1.5962e+00
 180.7500 1.5698e+00 1.4029e+00 1.7135e+00 1.4033e+00 1.7130e+00 1.5583e+00 1.5814e+00
 181.0000 1.5552e+00 1.3899e+00 1.6975e+00 1.3903e+00 1.6971e+00 1.5439e+00 1.5668e+00
 181.2500 1.5408e+00 1.3770e+00 1.6818e+00 1.3774e+00 1.6813e+00 1.5296e+00 1.5522e+00
 181.5000 1.5266e+00 1.3642e+00 1.6662e+00 1.3646e+00 1.6657e+00 1.5154e+00 1.5379e+00
 181.7500 1.5125e+00 1.3516e+00 1.6507e+00 1.3520e+00 1.6503e+00 1.5014e+00 1.5237e+00
 182.0000 1.4985e+00 1.3391e+00 1.6355e+00 1.3395e+00 1.6350e+00 1.4875e+00 1.5096e+00
 182.2500 1.4847e+00 1.3267e+00 1.6204e+00 1.3271e+00 1.6199e+00 1.4738e+00 1.4957e+00
 182.5000 1.4710e+00 1.3145e+00 1.6055e+00 1.3148e+00 1.6050e+00 1.4603e+00 1.4819e+00
 182.7500 1.4575e+00 1.3023e+00 1.5907e+00 1.3027e+00 1.5902e+00 1.4468e+00 1.4683e+00
 183.0000 1.4441e+00 1.2904e+00 1.5761e+00 1.2907e+00 1.5756e+00 1.4335e+00 1.4548e+00
 183.2500 1.4308e+00 1.2785e+00 1.5616e+00 1.2789e+00 1.5612e+00 1.4204e+00 1.4414e+00
 183.5000 1.4177e+00 1.2667e+00 1.5473e+00 1.2671e+00 1.5468e+00 1.4073e+00 1.4282e+00
 183.7500 1.4047e+00 1.2551e+00 1.5331e+00 1.2555e+00 1.5327e+00 1.3944e+00 1.4151e+00
 184.0000 1.3919e+00 1.2436e+00 1.5191e+00 1.2439e+00 1.5186e+00 1.3817e+00 1.4022e+00
 184.2500 1.3791e+00 1.2322e+00 1.5052e+00 1.2326e+00 1.5048e+00 1.3691e+00 1.3894e+00
 184.5000 1.3665e+00 1.2209e+00 1.4914e+00 1.2213e+00 1.4910e+00 1.3565e+00 1.3767e+00
 184.7500 1.3541e+00 1.2098e+00 1.4778e+00 1.2101e+00 1.4774e+00 1.3442e+00 1.3641e+00
 185.0000 1.3417e+00 1.1987e+00 1.4644e+00 1.1991e+00 1.4640e+00 1.3319e+00 1.3517e+00
 185.2500 1.3295e+00 1.1878e+00 1.4510e+00 1.1881e+00 1.4506e+00 1.3198e+00 1.3394e+00
 185.5000 1.3174e+00 1.1770e+00 1.4378e+00 1.1773e+00 1.4374e+00 1.3078e+00 1.3272e+00
 185.7500 1.3055e+00 1.1663e+00 1.4248e+00 1.1666e+00 1.4244e+00 1.2959e+00 1.3151e+00
 186.0000 1.2936e+00 1.1557e+00 1.4118e+00 1.1560e+00 1.4115e+00 1.2842e+00 1.3032e+00
 186.2500 1.2819e+00 1.1452e+00 1.3991e+00 1.1455e+00 1.3987e+00 1.2725e+00 1.2914e+00
 186.5000 1.2703e+00 1.1348e+00 1.3864e+00 1.1351e+00 1.3860e+00 1.2610e+00 1.2797e+00
 186.7500 1.2588e+00 1.1245e+00 1.3738e+00 1.1248e+00 1.3735e+00 1.2496e+00 1.2681e+00
 187.0000 1.2474e+00 1.1143e+00 1.3614e+00 1.1146e+00 1.3611e+00 1.2383e+00 1.2567e+00
 187.2500 1.2362e+00 1.1043e+00 1.3492e+00 1.1046e+00 1.3488e+00 1.2271e+00 1.2453e+00
 187.5000 1.2250e+00 1.0943e+00 1.3370e+00 1.0946e+00 1.3366e+00 1.2161e+00 1.2341e+00
 187.7500 1.2140e+00 1.0844e+00 1.3250e+00 1.0847e+00 1.3246e+00 1.2051e+00 1.2230e+00
 188.0000 1.2031e+00 1.0746e+00 1.3130e+00 1.0749e+00 1.3127e+00 1.1943e+00 1.2120e+00
 188.2500 1.1923e+00 1.0650e+00 1.3012e+00 1.0653e+00 1.3009e+00 1.1836e+00 1.2011e+00
 188.5000 1.1816e+00 1.0554e+00 1.2896e+00 1.0557e+00 1.2892e+00 1.1729e+00 1.1903e+00
 188.7500 1.1710e+00 1.0459e+00 1.2780e+00 1.0462e+00 1.2776e+00 1.1624e+00 1.1797e+00
 189.0000 1.1605e+00 1.0365e+00 1.2665e+00 1.0368e+00 1.2662e+00 1.1520e+00 1.1691e+00
 189.2500 1.1501e+00 1.0272e+00 1.2552e+00 1.0275e+00 1.2549e+00 1.1417e+00 1.1586e+00
 189.5000 1.1398e+00 1.0180e+00 1.2440e+00 1.0183e+00 1.2437e+00 1.1315e+00 1.1483e+00
 189.7500 1.1296e+00 1.0089e+00 1.2329e+00 1.0092e+00 1.2326e+00 1.1214e+00 1.1380e+00
 190.0000 1.1196e+00 9.9988e-01 1.2219e+00 1.0002e+00 1.2216e+00 1.1114e+00 1.1279e+00
 190.2500 1.1096e+00 9.9096e-01 1.2110e+00 9.9123e-01 1.2107e+00 1.1015e+00 1.1178e+00
 190.5000 1.0997e+00 9.8212e-01 1.2002e+00 9.8239e-01 1.1999e+00 1.0917e+00 1.1079e+00
 190.7500 1.0899e+00 9.7337e-01 1.1896e+00 9.7364e-01 1.1892e+00 1.0820e+00 1.0980e+00
 191.0000 1.0802e+00 9.6470e-01 1.1790e+00 9.6497e-01 1.1787e+00 1.0723e+00 1.0883e+00
 191.2500 1.0707e+00 9.5612e-01 1.1685e+00 9.5639e-01 1.1682e+00 1.0628e+00 1.0786e+00
 191.5000 1.0612e+00 9.4763e-01 1.1582e+00 9.4790e-01 1.1579e+00 1.0534e+00 1.0690e+00
 191.7500 1.0518e+00 9.3922e-01 1.1479e+00 9.3949e-01 1.1476e+00 1.0441e+00 1.0596e+00
 192.0000 1.0425e+00 9.3090e-01 1.1378e+00 9.3116e-01 1.1375e+00 1.0349e+00 1.0502e+00
 192.2500 1.0333e+00 9.2265e-01 1.1277e+00 9.2291e-01 1.1274e+00 1.0257e+00 1.0409e+00
 192.5000 1.0241e+00 9.1449e-01 1.1178e+00 9.1475e-01 1.1175e+00 1.0167e+00 1.0317e+00
 192.7500 1.0151e+00 9.0641e-01 1.1079e+00 9.0667e-01 1.1076e+00 1.0077e+00 1.0226e+00
 193.0000 1.0062e+00 8.9841e-01 1.0982e+00 8.9866e-01 1.0978e+00 9.9880e-01 1.0136e+00
 193.2500 9.9730e-01 8.9049e-01 1.0885e+00 8.9074e-01 1.0882e+00 9.9001e-01 1.0047e+00
 193.5000 9.8853e-01 8.8264e-01 1.0789e+00 8.8289e-01 1.0786e+00 9.8131e-01 9.9587e-01
 193.7500 9.7985e-01 8.7488e-01 1.0695e+00 8.7512e-01 1.0692e+00 9.7269e-01 9.8713e-01
 194.0000 9.7125e-01 8.6718e-01 1.0601e+00 8.6743e-01 1.0598e+00 9.6416e-01 9.7847e-01
 194.2500 9.6274e-01 8.5957e-01 1.0508e+00 8.5981e-01 1.0505e+00 9.5571e-01 9.6989e-01
 194.5000 9.5431e-01 8.5203e-01 1.0416e+00 8.5226e-01 1.0413e+00 9.4734e-01 9.6140e-01
 194.7500 9.4596e-01 8.4456e-01 1.0325e+00 8.4479e-01 1.0322e+00 9.3905e-01 9.5299e-01
 195.0000 9.3770e-01 8.3716e-01 1.0235e+00 8.3740e-01 1.0232e+00 9.3085e-01 9.4466e-01
 195.2500 9.2951e-01 8.2984e-01 1.0145e+00 8.3007e-01 1.0143e+00 9.2272e-01 9.3642e-01
 195.5000 9.2141e-01 8.2259e-01 1.0057e+00 8.2282e-01 1.0054e+00 9.1468e-01 9.2825e-01
 195.7500 9.1338e-01 8.1541e-01 9.9693e-01 8.1564e-01 9.9665e-01 9.0671e-01 9.2017e-01
 196.0000 9.0543e-01 8.0830e-01 9.8825e-01 8.0852e-01 9.8798e-01 8.9882e-01 9.1216e-01
 196.2500 8.9756e-01 8.0126e-01 9.7966e-01 8.0148e-01 9.7939e-01 8.9100e-01 9.0423e-01
 196.5000 8.8976e-01 7.9428e-01 9.7116e-01 7.9450e-01 9.7089e-01 8.8326e-01 8.9637e-01
 196.7500 8.8204e-01 7.8738e-01 9.6273e-01 7.8760e-01 9.6247e-01 8.7560e-01 8.8860e-01
 197.0000 8.7440e-01 7.8054e-01 9.5439e-01 7.8075e-01 9.5413e-01 8.6801e-01 8.8089e-01
 197.2500 8.6682e-01 7.7376e-01 9.4613e-01 7.7398e-01 9.4587e-01 8.6049e-01 8.7327e-01
 197.5000 8.5933e-01 7.6706e-01 9.3795e-01 7.6727e-01 9.3769e-01 8.5305e-01 8.6571e-01
 197.7500 8.5190e-01 7.6041e-01 9.2985e-01 7.6063e-01 9.2959e-01 8.4568e-01 8.5823e-01
 198.0000 8.4454e-01 7.5384e-01 9.2182e-01 7.5405e-01 9.2157e-01 8.3838e-01 8.5082e-01
 198.2500 8.3726e-01 7.4732e-01 9.1388e-01 7.4753e-01 9.1362e-01 8.3115e-01 8.4349e-01
 198.5000 8.3005e-01 7.4087e-01 9.0600e-01 7.4107e-01 9.0575e-01 8.2398e-01 8.3622e-01
 198.7500 8.2290e-01 7.3448e-01 8.9821e-01 7.3468e-01 8.9796e-01 8.1689e-01 8.2902e-01
 199.0000 8.1583e-01 7.2815e-01 8.9049e-01 7.2835e-01 8.9024e-01 8.0987e-01 8.2189e-01
 199.2500 8.0882e-01 7.2188e-01 8.8284e-01 7.2208e-01 8.8260e-01 8.0291e-01 8.1483e-01
 199.5000 8.0187e-01 7.1567e-01 8.7527e-01 7.1587e-01 8.7502e-01 7.9602e-01 8.0784e-01
 199.7500 7.9500e-01 7.0952e-01 8.6776e-01 7.0972e-01 8.6752e-01 7.8919e-01 8.0091e-01
 200.0000 7.8819e-01 7.0343e-01 8.6033e-01 7.0363e-01 8.6010e-01 7.8243e-01 7.9405e-01
