   0.0000 0.0000e+00 0.0000e+00 0.0000e+00 0.0000e+00 0.0000e+00 0.0000e+00 0.0000e+00
   0.2500 1.0653e+08 5.2323e+07 3.7267e+08 5.4824e+07 3.7267e+08 9.0250e+07 1.0653e+08
   0.5000 1.8182e+08 9.3558e+07 5.2850e+08 9.7286e+07 5.2849e+08 1.5644e+08 1.8267e+08
   0.7500 2.3903e+08 8.9313e+07 6.4231e+08 9.6720e+07 6.4030e+08 1.9252e+08 2.7924e+08
   1.0000 2.7146e+08 7.2976e+07 6.9347e+08 8.3040e+07 6.8649e+08 2.0906e+08 3.4788e+08
   1.2500 2.7482e+08 5.9266e+07 6.7258e+08 7.0080e+07 6.6170e+08 2.0740e+08 3.6723e+08
   1.5000 2.5528e+08 5.0024e+07 5.9906e+08 5.9989e+07 5.8708e+08 1.9210e+08 3.4523e+08
   1.7500 2.2354e+08 4.6185e+07 5.0358e+08 5.4671e+07 4.9249e+08 1.6934e+08 3.0154e+08
   2.0000 1.8850e+08 4.7774e+07 4.0857e+08 5.4880e+07 3.9919e+08 1.4435e+08 2.5204e+08
   2.2500 1.5538e+08 4.9307e+07 3.2496e+08 5.5223e+07 3.1739e+08 1.2045e+08 2.0546e+08
   2.5000 1.2647e+08 4.7462e+07 2.5597e+08 5.2300e+07 2.5000e+08 9.9248e+07 1.6531e+08
   2.7500 1.0231e+08 4.3141e+07 2.0098e+08 4.7026e+07 1.9633e+08 8.1226e+07 1.3224e+08
   3.0000 8.2608e+07 3.8210e+07 1.5790e+08 4.1320e+07 1.5429e+08 6.6283e+07 1.0565e+08
   3.2500 6.6727e+07 3.3329e+07 1.2443e+08 3.5823e+07 1.2162e+08 5.4062e+07 8.4518e+07
   3.5000 5.4000e+07 2.8754e+07 9.8420e+07 3.0760e+07 9.6225e+07 4.4139e+07 6.7792e+07
   3.7500 4.3829e+07 2.4659e+07 7.8198e+07 2.6278e+07 7.6474e+07 3.6118e+07 5.4575e+07
   4.0000 3.5704e+07 2.1073e+07 6.2469e+07 2.2383e+07 6.1115e+07 2.9653e+07 4.4110e+07
   4.2500 2.9207e+07 1.7976e+07 5.0184e+07 1.9039e+07 4.9119e+07 2.4438e+07 3.5808e+07
   4.5000 2.4004e+07 1.5325e+07 4.0544e+07 1.6189e+07 3.9703e+07 2.0229e+07 2.9211e+07
   4.7500 1.9828e+07 1.2896e+07 3.2957e+07 1.3581e+07 3.2291e+07 1.6823e+07 2.3958e+07
   5.0000 1.6460e+07 1.0833e+07 2.6952e+07 1.1373e+07 2.6422e+07 1.4055e+07 1.9754e+07
   5.2500 1.3730e+07 9.1381e+06 2.2169e+07 9.5662e+06 2.1745e+07 1.1794e+07 1.6372e+07
   5.5000 1.1507e+07 7.7400e+06 1.8337e+07 8.0812e+06 1.7997e+07 9.9404e+06 1.3638e+07
   5.7500 9.6894e+06 6.5818e+06 1.5249e+07 6.8554e+06 1.4974e+07 8.4145e+06 1.1418e+07
   6.0000 8.1949e+06 5.6183e+06 1.2746e+07 5.8387e+06 1.2522e+07 7.1522e+06 9.6050e+06
   6.2500 6.9596e+06 4.8133e+06 1.0704e+07 4.9918e+06 1.0521e+07 6.1028e+06 8.1160e+06
   6.5000 5.9335e+06 4.1381e+06 9.0310e+06 4.2833e+06 8.8808e+06 5.2263e+06 6.8862e+06
   6.7500 5.0774e+06 3.5698e+06 7.6526e+06 3.6883e+06 7.5289e+06 4.4914e+06 5.8658e+06
   7.0000 4.3612e+06 3.0897e+06 6.5112e+06 3.1869e+06 6.4088e+06 3.8734e+06 5.0168e+06
   7.2500 3.7595e+06 2.6825e+06 5.5619e+06 2.7627e+06 5.4767e+06 3.3518e+06 4.3071e+06
   7.5000 3.2518e+06 2.3360e+06 4.7692e+06 2.4023e+06 4.6980e+06 2.9097e+06 3.7112e+06
   7.7500 2.8219e+06 2.0400e+06 4.1049e+06 2.0950e+06 4.0451e+06 2.5338e+06 3.2090e+06
   8.0000 2.4565e+06 1.7863e+06 3.5461e+06 1.8322e+06 3.4958e+06 2.2129e+06 2.7838e+06
   8.2500 2.1448e+06 1.5684e+06 3.0737e+06 1.6067e+06 3.0312e+06 1.9381e+06 2.4227e+06
   8.5000 1.8780e+06 1.3808e+06 2.6723e+06 1.4129e+06 2.6362e+06 1.7021e+06 2.1148e+06
   8.7500 1.6489e+06 1.2187e+06 2.3302e+06 1.2458e+06 2.2994e+06 1.4986e+06 1.8514e+06
   9.0000 1.4515e+06 1.0783e+06 2.0377e+06 1.1012e+06 2.0114e+06 1.3228e+06 1.6252e+06
   9.2500 1.2810e+06 9.5634e+05 1.7870e+06 9.7574e+05 1.7644e+06 1.1704e+06 1.4305e+06
   9.5000 1.1332e+06 8.5009e+05 1.5715e+06 8.6658e+05 1.5521e+06 1.0380e+06 1.2623e+06
   9.7500 1.0049e+06 7.5728e+05 1.3858e+06 7.7136e+05 1.3690e+06 9.2263e+05 1.1167e+06
  10.0000 8.9315e+05 6.7603e+05 1.2252e+06 6.8807e+05 1.2106e+06 8.2185e+05 9.9023e+05
  10.2500 7.9555e+05 6.0471e+05 1.0857e+06 6.1504e+05 1.0731e+06 7.3360e+05 8.8010e+05
  10.5000 7.1012e+05 5.4197e+05 9.6431e+05 5.5086e+05 9.5334e+05 6.5616e+05 7.8397e+05
  10.7500 6.3519e+05 4.8664e+05 8.5840e+05 4.9432e+05 8.4883e+05 5.8806e+05 6.9986e+05
  11.0000 5.6931e+05 4.3776e+05 7.6578e+05 4.4440e+05 7.5739e+05 5.2804e+05 6.2610e+05
  11.2500 5.1128e+05 3.9448e+05 6.8458e+05 4.0025e+05 6.7721e+05 4.7505e+05 5.6127e+05
  11.5000 4.6006e+05 3.5609e+05 6.1324e+05 3.6110e+05 6.0675e+05 4.2816e+05 5.0419e+05
  11.7500 4.1476e+05 3.2196e+05 5.5044e+05 3.2633e+05 5.4469e+05 3.8661e+05 4.5381e+05
  12.0000 3.7460e+05 2.9157e+05 4.9502e+05 2.9539e+05 4.8992e+05 3.4970e+05 4.0925e+05
  12.2500 3.3886e+05 2.6446e+05 4.4598e+05 2.6781e+05 4.4145e+05 3.1679e+05 3.6966e+05
  12.5000 3.0699e+05 2.4024e+05 4.0249e+05 2.4318e+05 3.9847e+05 2.8739e+05 3.3443e+05
  12.7500 2.7853e+05 2.1855e+05 3.6386e+05 2.2114e+05 3.6027e+05 2.6110e+05 3.0302e+05
  13.0000 2.5308e+05 1.9911e+05 3.2947e+05 2.0140e+05 3.2626e+05 2.3754e+05 2.7497e+05
  13.2500 2.3028e+05 1.8165e+05 2.9880e+05 1.8367e+05 2.9594e+05 2.1641e+05 2.4989e+05
  13.5000 2.0983e+05 1.6595e+05 2.7141e+05 1.6774e+05 2.6884e+05 1.9743e+05 2.2743e+05
  13.7500 1.9146e+05 1.5182e+05 2.4690e+05 1.5340e+05 2.4459e+05 1.8035e+05 2.0729e+05
  14.0000 1.7495e+05 1.3906e+05 2.2492e+05 1.4048e+05 2.2285e+05 1.6497e+05 1.8921e+05
  14.2500 1.6008e+05 1.2755e+05 2.0520e+05 1.2881e+05 2.0332e+05 1.5111e+05 1.7295e+05
  14.5000 1.4667e+05 1.1713e+05 1.8746e+05 1.1826e+05 1.8577e+05 1.3859e+05 1.5831e+05
  14.7500 1.3455e+05 1.0769e+05 1.7149e+05 1.0870e+05 1.6995e+05 1.2726e+05 1.4509e+05
  15.0000 1.2358e+05 9.9110e+04 1.5707e+05 1.0001e+05 1.5568e+05 1.1699e+05 1.3314e+05
  15.2500 1.1363e+05 9.1313e+04 1.4405e+05 9.2124e+04 1.4278e+05 1.0767e+05 1.2232e+05
  15.5000 1.0460e+05 8.4215e+04 1.3227e+05 8.4945e+04 1.3111e+05 9.9195e+04 1.1250e+05
  15.7500 9.6391e+04 7.7748e+04 1.2159e+05 7.8405e+04 1.2054e+05 9.1485e+04 1.0359e+05
  16.0000 8.8920e+04 7.1849e+04 1.1190e+05 7.2442e+04 1.1094e+05 8.4461e+04 9.5486e+04
  16.2500 8.2114e+04 6.6463e+04 1.0310e+05 6.6998e+04 1.0223e+05 7.8055e+04 8.8112e+04
  16.5000 7.5906e+04 6.1540e+04 9.5098e+04 6.2025e+04 9.4297e+04 7.2206e+04 8.1392e+04
  16.7500 7.0237e+04 5.7037e+04 8.7807e+04 5.7476e+04 8.7074e+04 6.6861e+04 7.5262e+04
  17.0000 6.5056e+04 5.2913e+04 8.1159e+04 5.3312e+04 8.0486e+04 6.1970e+04 6.9662e+04
  17.2500 6.0314e+04 4.9134e+04 7.5089e+04 4.9496e+04 7.4471e+04 5.7491e+04 6.4543e+04
  17.5000 5.5970e+04 4.5668e+04 6.9541e+04 4.5997e+04 6.8972e+04 5.3384e+04 5.9858e+04
  17.7500 5.1987e+04 4.2483e+04 6.4463e+04 4.2784e+04 6.3939e+04 4.9615e+04 5.5565e+04
  18.0000 4.8329e+04 3.9553e+04 5.9812e+04 3.9828e+04 5.9329e+04 4.6151e+04 5.1625e+04
  18.2500 4.4966e+04 3.6854e+04 5.5547e+04 3.7105e+04 5.5101e+04 4.2964e+04 4.8007e+04
  18.5000 4.1872e+04 3.4366e+04 5.1632e+04 3.4595e+04 5.1219e+04 4.0029e+04 4.4680e+04
  18.7500 3.9022e+04 3.2069e+04 4.8034e+04 3.2280e+04 4.7652e+04 3.7324e+04 4.1618e+04
  19.0000 3.6395e+04 2.9949e+04 4.4724e+04 3.0142e+04 4.4371e+04 3.4829e+04 3.8797e+04
  19.2500 3.3971e+04 2.7989e+04 4.1677e+04 2.8166e+04 4.1349e+04 3.2525e+04 3.6196e+04
  19.5000 3.1733e+04 2.6176e+04 3.8869e+04 2.6339e+04 3.8564e+04 3.0396e+04 3.3795e+04
  19.7500 2.9664e+04 2.4498e+04 3.6278e+04 2.4648e+04 3.5995e+04 2.8427e+04 3.1578e+04
  20.0000 2.7749e+04 2.2943e+04 3.3886e+04 2.3082e+04 3.3623e+04 2.6604e+04 2.9527e+04
  20.2500 2.5977e+04 2.1502e+04 3.1675e+04 2.1629e+04 3.1430e+04 2.4916e+04 2.7630e+04
  20.5000 2.4335e+04 2.0164e+04 2.9630e+04 2.0282e+04 2.9401e+04 2.3350e+04 2.5873e+04
  20.7500 2.2812e+04 1.8923e+04 2.7736e+04 1.9032e+04 2.7523e+04 2.1897e+04 2.4244e+04
  21.0000 2.1398e+04 1.7769e+04 2.5982e+04 1.7870e+04 2.5783e+04 2.0548e+04 2.2734e+04
  21.2500 2.0086e+04 1.6696e+04 2.4354e+04 1.6790e+04 2.4168e+04 1.9295e+04 2.1331e+04
  21.5000 1.8865e+04 1.5698e+04 2.2844e+04 1.5785e+04 2.2670e+04 1.8129e+04 2.0028e+04
  21.7500 1.7730e+04 1.4769e+04 2.1441e+04 1.4849e+04 2.1278e+04 1.7044e+04 1.8817e+04
  22.0000 1.6673e+04 1.3902e+04 2.0138e+04 1.3977e+04 1.9985e+04 1.6034e+04 1.7690e+04
  22.2500 1.5689e+04 1.3094e+04 1.8925e+04 1.3164e+04 1.8782e+04 1.5092e+04 1.6640e+04
  22.5000 1.4771e+04 1.2340e+04 1.7797e+04 1.2404e+04 1.7662e+04 1.4214e+04 1.5662e+04
  22.7500 1.3915e+04 1.1635e+04 1.6745e+04 1.1695e+04 1.6620e+04 1.3394e+04 1.4750e+04
  23.0000 1.3116e+04 1.0977e+04 1.5766e+04 1.1033e+04 1.5647e+04 1.2629e+04 1.3899e+04
  23.2500 1.2370e+04 1.0361e+04 1.4852e+04 1.0413e+04 1.4740e+04 1.1914e+04 1.3104e+04
  23.5000 1.1672e+04 9.7847e+03 1.3999e+04 9.8337e+03 1.3894e+04 1.1245e+04 1.2362e+04
  23.7500 1.1019e+04 9.2453e+03 1.3202e+04 9.2911e+03 1.3104e+04 1.0619e+04 1.1668e+04
  24.0000 1.0409e+04 8.7400e+03 1.2458e+04 8.7828e+03 1.2365e+04 1.0033e+04 1.1019e+04
  24.2500 9.8367e+03 8.2663e+03 1.1761e+04 8.3064e+03 1.1674e+04 9.4844e+03 1.0411e+04
  24.5000 9.3009e+03 7.8221e+03 1.1110e+04 7.8596e+03 1.1027e+04 8.9701e+03 9.8416e+03
  24.7500 8.7986e+03 7.4053e+03 1.0499e+04 7.4404e+03 1.0421e+04 8.4877e+03 9.3080e+03
  25.0000 8.3274e+03 7.0139e+03 9.9277e+03 7.0469e+03 9.8540e+03 8.0350e+03 8.8077e+03
  25.2500 7.8851e+03 6.6463e+03 9.3916e+03 6.6772e+03 9.3219e+03 7.6100e+03 8.3381e+03
  25.5000 7.4697e+03 6.3007e+03 8.8887e+03 6.3298e+03 8.8228e+03 7.2108e+03 7.8973e+03
  25.7500 7.0794e+03 5.9758e+03 8.4166e+03 6.0031e+03 8.3542e+03 6.8355e+03 7.4832e+03
  26.0000 6.7125e+03 5.6701e+03 7.9732e+03 5.6958e+03 7.9141e+03 6.4826e+03 7.0939e+03
  26.2500 6.3673e+03 5.3823e+03 7.5566e+03 5.4065e+03 7.5006e+03 6.1505e+03 6.7279e+03
  26.5000 6.0425e+03 5.1113e+03 7.1649e+03 5.1340e+03 7.1119e+03 5.8379e+03 6.3835e+03
  26.7500 5.7368e+03 4.8559e+03 6.7966e+03 4.8773e+03 6.7463e+03 5.5436e+03 6.0594e+03
  27.0000 5.4487e+03 4.6151e+03 6.4500e+03 4.6353e+03 6.4023e+03 5.2662e+03 5.7541e+03
  27.2500 5.1772e+03 4.3880e+03 6.1237e+03 4.4070e+03 6.0784e+03 5.0048e+03 5.4665e+03
  27.5000 4.9213e+03 4.1736e+03 5.8164e+03 4.1916e+03 5.7734e+03 4.7582e+03 5.1954e+03
  27.7500 4.6799e+03 3.9713e+03 5.5268e+03 3.9883e+03 5.4859e+03 4.5256e+03 4.9397e+03
  28.0000 4.4520e+03 3.7802e+03 5.2537e+03 3.7963e+03 5.2149e+03 4.3059e+03 4.6984e+03
  28.2500 4.2368e+03 3.5997e+03 4.9961e+03 3.6148e+03 4.9592e+03 4.0985e+03 4.4707e+03
  28.5000 4.0336e+03 3.4290e+03 4.7531e+03 3.4433e+03 4.7180e+03 3.9025e+03 4.2556e+03
  28.7500 3.8415e+03 3.2675e+03 4.5235e+03 3.2811e+03 4.4901e+03 3.7173e+03 4.0523e+03
  29.0000 3.6599e+03 3.1148e+03 4.3067e+03 3.1277e+03 4.2749e+03 3.5421e+03 3.8602e+03
  29.2500 3.4882e+03 2.9702e+03 4.1018e+03 2.9824e+03 4.0716e+03 3.3764e+03 3.6785e+03
  29.5000 3.3257e+03 2.8334e+03 3.9081e+03 2.8449e+03 3.8793e+03 3.2196e+03 3.5066e+03
  29.7500 3.1718e+03 2.7037e+03 3.7249e+03 2.7147e+03 3.6974e+03 3.0711e+03 3.3439e+03
  30.0000 3.0261e+03 2.5808e+03 3.5514e+03 2.5912e+03 3.5253e+03 2.9304e+03 3.1898e+03
  30.2500 2.8880e+03 2.4643e+03 3.3873e+03 2.4742e+03 3.3623e+03 2.7971e+03 3.0439e+03
  30.5000 2.7572e+03 2.3539e+03 3.2318e+03 2.3632e+03 3.2080e+03 2.6707e+03 2.9056e+03
  30.7500 2.6331e+03 2.2491e+03 3.0845e+03 2.2580e+03 3.0617e+03 2.5509e+03 2.7745e+03
  31.0000 2.5154e+03 2.1493e+03 2.9448e+03 2.1578e+03 2.9231e+03 2.4372e+03 2.6501e+03
  31.2500 2.4037e+03 2.0541e+03 2.8123e+03 2.0621e+03 2.7916e+03 2.3293e+03 2.5321e+03
  31.5000 2.2976e+03 1.9638e+03 2.6867e+03 1.9714e+03 2.6669e+03 2.2268e+03 2.4201e+03
  31.7500 2.1969e+03 1.8779e+03 2.5674e+03 1.8851e+03 2.5485e+03 2.1295e+03 2.3138e+03
  32.0000 2.1013e+03 1.7964e+03 2.4546e+03 1.8032e+03 2.4365e+03 2.0371e+03 2.2128e+03
  32.2500 2.0104e+03 1.7189e+03 2.3475e+03 1.7254e+03 2.3303e+03 1.9492e+03 2.1169e+03
  32.5000 1.9240e+03 1.6452e+03 2.2458e+03 1.6514e+03 2.2293e+03 1.8658e+03 2.0257e+03
  32.7500 1.8419e+03 1.5752e+03 2.1492e+03 1.5810e+03 2.1334e+03 1.7863e+03 1.9390e+03
  33.0000 1.7637e+03 1.5085e+03 2.0573e+03 1.5141e+03 2.0422e+03 1.7108e+03 1.8565e+03
  33.2500 1.6894e+03 1.4451e+03 1.9699e+03 1.4504e+03 1.9555e+03 1.6389e+03 1.7781e+03
  33.5000 1.6186e+03 1.3848e+03 1.8867e+03 1.3898e+03 1.8729e+03 1.5705e+03 1.7035e+03
  33.7500 1.5513e+03 1.3273e+03 1.8076e+03 1.3320e+03 1.7944e+03 1.5053e+03 1.6324e+03
  34.0000 1.4871e+03 1.2725e+03 1.7322e+03 1.2770e+03 1.7196e+03 1.4432e+03 1.5648e+03
  34.2500 1.4260e+03 1.2203e+03 1.6605e+03 1.2246e+03 1.6484e+03 1.3841e+03 1.5003e+03
  34.5000 1.3677e+03 1.1706e+03 1.5921e+03 1.1747e+03 1.5806e+03 1.3277e+03 1.4389e+03
  34.7500 1.3122e+03 1.1232e+03 1.5270e+03 1.1271e+03 1.5159e+03 1.2740e+03 1.3803e+03
  35.0000 1.2592e+03 1.0779e+03 1.4649e+03 1.0817e+03 1.4543e+03 1.2227e+03 1.3245e+03
  35.2500 1.2087e+03 1.0348e+03 1.4057e+03 1.0383e+03 1.3955e+03 1.1738e+03 1.2713e+03
  35.5000 1.1605e+03 9.9363e+02 1.3493e+03 9.9699e+02 1.3395e+03 1.1271e+03 1.2205e+03
  35.7500 1.1145e+03 9.5432e+02 1.2954e+03 9.5753e+02 1.2860e+03 1.0826e+03 1.1720e+03
  36.0000 1.0705e+03 9.1679e+02 1.2440e+03 9.1984e+02 1.2349e+03 1.0400e+03 1.1257e+03
  36.2500 1.0286e+03 8.8094e+02 1.1949e+03 8.8385e+02 1.1862e+03 9.9940e+02 1.0815e+03
  36.5000 9.8850e+02 8.4669e+02 1.1480e+03 8.4946e+02 1.1397e+03 9.6057e+02 1.0393e+03
  36.7500 9.5020e+02 8.1395e+02 1.1032e+03 8.1660e+02 1.0952e+03 9.2346e+02 9.9898e+02
  37.0000 9.1359e+02 7.8266e+02 1.0604e+03 7.8519e+02 1.0527e+03 8.8799e+02 9.6043e+02
  37.2500 8.7859e+02 7.5274e+02 1.0195e+03 7.5515e+02 1.0121e+03 8.5406e+02 9.2358e+02
  37.5000 8.4512e+02 7.2412e+02 9.8040e+02 7.2642e+02 9.7332e+02 8.2161e+02 8.8833e+02
  37.7500 8.1309e+02 6.9673e+02 9.4301e+02 6.9893e+02 9.3619e+02 7.9056e+02 8.5462e+02
  38.0000 7.8245e+02 6.7053e+02 9.0723e+02 6.7263e+02 9.0067e+02 7.6084e+02 8.2236e+02
  38.2500 7.5311e+02 6.4544e+02 8.7300e+02 6.4745e+02 8.6669e+02 7.3239e+02 7.9148e+02
  38.5000 7.2503e+02 6.2142e+02 8.4023e+02 6.2335e+02 8.3416e+02 7.0515e+02 7.6193e+02
  38.7500 6.9814e+02 5.9842e+02 8.0886e+02 6.0026e+02 8.0302e+02 6.7905e+02 7.3363e+02
  39.0000 6.7239e+02 5.7638e+02 7.7884e+02 5.7815e+02 7.7321e+02 6.5406e+02 7.0653e+02
  39.2500 6.4772e+02 5.5527e+02 7.5008e+02 5.5697e+02 7.4466e+02 6.3011e+02 6.8057e+02
  39.5000 6.2408e+02 5.3504e+02 7.2253e+02 5.3667e+02 7.1732e+02 6.0716e+02 6.5570e+02
  39.7500 6.0143e+02 5.1566e+02 6.9614e+02 5.1721e+02 6.9112e+02 5.8516e+02 6.3186e+02
  40.0000 5.7971e+02 4.9707e+02 6.7085e+02 4.9856e+02 6.6601e+02 5.6407e+02 6.0902e+02
  40.2500 5.5889e+02 4.7924e+02 6.4660e+02 4.8068e+02 6.4194e+02 5.4384e+02 5.8711e+02
  40.5000 5.3892e+02 4.6214e+02 6.2336e+02 4.6352e+02 6.1886e+02 5.2444e+02 5.6611e+02
  40.7500 5.1977e+02 4.4574e+02 6.0106e+02 4.4707e+02 5.9673e+02 5.0582e+02 5.4596e+02
  41.0000 5.0139e+02 4.3000e+02 5.7968e+02 4.3127e+02 5.7550e+02 4.8795e+02 5.2663e+02
  41.2500 4.8375e+02 4.1489e+02 5.5916e+02 4.1612e+02 5.5513e+02 4.7080e+02 5.0808e+02
  41.5000 4.6681e+02 4.0039e+02 5.3947e+02 4.0157e+02 5.3558e+02 4.5434e+02 4.9027e+02
  41.7500 4.5056e+02 3.8646e+02 5.2057e+02 3.8760e+02 5.1682e+02 4.3853e+02 4.7317e+02
  42.0000 4.3494e+02 3.7308e+02 5.0243e+02 3.7418e+02 4.9881e+02 4.2334e+02 4.5676e+02
  42.2500 4.1995e+02 3.6023e+02 4.8501e+02 3.6129e+02 4.8151e+02 4.0876e+02 4.4099e+02
  42.5000 4.0554e+02 3.4789e+02 4.6827e+02 3.4891e+02 4.6489e+02 3.9474e+02 4.2584e+02
  42.7500 3.9169e+02 3.3602e+02 4.5219e+02 3.3701e+02 4.4893e+02 3.8127e+02 4.1129e+02
  43.0000 3.7838e+02 3.2462e+02 4.3674e+02 3.2557e+02 4.3359e+02 3.6832e+02 3.9730e+02
  43.2500 3.6559e+02 3.1365e+02 4.2189e+02 3.1457e+02 4.1885e+02 3.5587e+02 3.8385e+02
  43.5000 3.5329e+02 3.0311e+02 4.0762e+02 3.0399e+02 4.0468e+02 3.4390e+02 3.7092e+02
  43.7500 3.4146e+02 2.9296e+02 3.9389e+02 2.9382e+02 3.9105e+02 3.3238e+02 3.5848e+02
  44.0000 3.3008e+02 2.8321e+02 3.8069e+02 2.8404e+02 3.7794e+02 3.2130e+02 3.4652e+02
  44.2500 3.1912e+02 2.7382e+02 3.6799e+02 2.7462e+02 3.6534e+02 3.1064e+02 3.3501e+02
  44.5000 3.0859e+02 2.6478e+02 3.5577e+02 2.6556e+02 3.5321e+02 3.0038e+02 3.2394e+02
  44.7500 2.9844e+02 2.5609e+02 3.4402e+02 2.5684e+02 3.4154e+02 2.9051e+02 3.1328e+02
  45.0000 2.8868e+02 2.4771e+02 3.3270e+02 2.4844e+02 3.3030e+02 2.8100e+02 3.0302e+02
  45.2500 2.7927e+02 2.3965e+02 3.2181e+02 2.4035e+02 3.1949e+02 2.7185e+02 2.9314e+02
  45.5000 2.7022e+02 2.3188e+02 3.1132e+02 2.3256e+02 3.0907e+02 2.6303e+02 2.8363e+02
  45.7500 2.6150e+02 2.2440e+02 3.0122e+02 2.2506e+02 2.9904e+02 2.5454e+02 2.7446e+02
  46.0000 2.5309e+02 2.1720e+02 2.9149e+02 2.1783e+02 2.8938e+02 2.4635e+02 2.6563e+02
  46.2500 2.4499e+02 2.1025e+02 2.8211e+02 2.1087e+02 2.8007e+02 2.3847e+02 2.5713e+02
  46.5000 2.3719e+02 2.0355e+02 2.7308e+02 2.0415e+02 2.7111e+02 2.3087e+02 2.4893e+02
  46.7500 2.2966e+02 1.9710e+02 2.6438e+02 1.9768e+02 2.6246e+02 2.2354e+02 2.4103e+02
  47.0000 2.2241e+02 1.9088e+02 2.5598e+02 1.9144e+02 2.5413e+02 2.1648e+02 2.3341e+02
  47.2500 2.1541e+02 1.8488e+02 2.4789e+02 1.8542e+02 2.4610e+02 2.0967e+02 2.2606e+02
  47.5000 2.0867e+02 1.7909e+02 2.4009e+02 1.7962e+02 2.3835e+02 2.0311e+02 2.1898e+02
  47.7500 2.0216e+02 1.7351e+02 2.3257e+02 1.7402e+02 2.3089e+02 1.9678e+02 2.1215e+02
  48.0000 1.9589e+02 1.6813e+02 2.2532e+02 1.6862e+02 2.2369e+02 1.9067e+02 2.0556e+02
  48.2500 1.8983e+02 1.6294e+02 2.1833e+02 1.6341e+02 2.1674e+02 1.8478e+02 1.9921e+02
  48.5000 1.8399e+02 1.5793e+02 2.1158e+02 1.5839e+02 2.1004e+02 1.7909e+02 1.9307e+02
  48.7500 1.7835e+02 1.5309e+02 2.0507e+02 1.5354e+02 2.0357e+02 1.7361e+02 1.8715e+02
  49.0000 1.7291e+02 1.4842e+02 1.9878e+02 1.4885e+02 1.9734e+02 1.6831e+02 1.8144e+02
  49.2500 1.6766e+02 1.4391e+02 1.9272e+02 1.4434e+02 1.9131e+02 1.6321e+02 1.7593e+02
  49.5000 1.6258e+02 1.3956e+02 1.8686e+02 1.3997e+02 1.8550e+02 1.5827e+02 1.7060e+02
  49.7500 1.5769e+02 1.3536e+02 1.8121e+02 1.3575e+02 1.7989e+02 1.5351e+02 1.6546e+02
  50.0000 1.5295e+02 1.3130e+02 1.7575e+02 1.3168e+02 1.7447e+02 1.4891e+02 1.6049e+02
  50.2500 1.4838e+02 1.2738e+02 1.7048e+02 1.2775e+02 1.6923e+02 1.4446e+02 1.5570e+02
  50.5000 1.4397e+02 1.2359e+02 1.6539e+02 1.2395e+02 1.6418e+02 1.4017e+02 1.5106e+02
  50.7500 1.3970e+02 1.1993e+02 1.6047e+02 1.2028e+02 1.5929e+02 1.3602e+02 1.4659e+02
  51.0000 1.3558e+02 1.1640e+02 1.5571e+02 1.1673e+02 1.5457e+02 1.3201e+02 1.4226e+02
  51.2500 1.3160e+02 1.1298e+02 1.5112e+02 1.1330e+02 1.5001e+02 1.2813e+02 1.3808e+02
  51.5000 1.2774e+02 1.0967e+02 1.4668e+02 1.0999e+02 1.4560e+02 1.2439e+02 1.3403e+02
  51.7500 1.2402e+02 1.0648e+02 1.4238e+02 1.0678e+02 1.4134e+02 1.2077e+02 1.3012e+02
  52.0000 1.2042e+02 1.0339e+02 1.3823e+02 1.0368e+02 1.3722e+02 1.1726e+02 1.2634e+02
  52.2500 1.1694e+02 1.0040e+02 1.3422e+02 1.0068e+02 1.3323e+02 1.1388e+02 1.2269e+02
  52.5000 1.1357e+02 9.7507e+01 1.3034e+02 9.7783e+01 1.2938e+02 1.1060e+02 1.1915e+02
  52.7500 1.1031e+02 9.4710e+01 1.2658e+02 9.4978e+01 1.2565e+02 1.0743e+02 1.1573e+02
  53.0000 1.0716e+02 9.2005e+01 1.2295e+02 9.2264e+01 1.2205e+02 1.0437e+02 1.1242e+02
  53.2500 1.0411e+02 8.9387e+01 1.1944e+02 8.9638e+01 1.1856e+02 1.0140e+02 1.0922e+02
  53.5000 1.0115e+02 8.6853e+01 1.1604e+02 8.7096e+01 1.1518e+02 9.8528e+01 1.0612e+02
  53.7500 9.8295e+01 8.4401e+01 1.1275e+02 8.4636e+01 1.1192e+02 9.5749e+01 1.0312e+02
  54.0000 9.5529e+01 8.2026e+01 1.0956e+02 8.2254e+01 1.0876e+02 9.3058e+01 1.0022e+02
  54.2500 9.2851e+01 7.9728e+01 1.0648e+02 7.9949e+01 1.0569e+02 9.0453e+01 9.7408e+01
  54.5000 9.0258e+01 7.7502e+01 1.0349e+02 7.7716e+01 1.0273e+02 8.7930e+01 9.4686e+01
  54.7500 8.7747e+01 7.5346e+01 1.0060e+02 7.5554e+01 9.9861e+01 8.5487e+01 9.2050e+01
  55.0000 8.5314e+01 7.3259e+01 9.7802e+01 7.3460e+01 9.7081e+01 8.3120e+01 8.9496e+01
  55.2500 8.2958e+01 7.1236e+01 9.5090e+01 7.1431e+01 9.4389e+01 8.0827e+01 8.7023e+01
  55.5000 8.0676e+01 6.9277e+01 9.2463e+01 6.9466e+01 9.1781e+01 7.8606e+01 8.4626e+01
  55.7500 7.8464e+01 6.7378e+01 8.9917e+01 6.7562e+01 8.9254e+01 7.6453e+01 8.2304e+01
  56.0000 7.6321e+01 6.5538e+01 8.7450e+01 6.5717e+01 8.6805e+01 7.4367e+01 8.0054e+01
  56.2500 7.4244e+01 6.3755e+01 8.5059e+01 6.3928e+01 8.4433e+01 7.2344e+01 7.7873e+01
  56.5000 7.2231e+01 6.2026e+01 8.2742e+01 6.2195e+01 8.2133e+01 7.0384e+01 7.5758e+01
  56.7500 7.0279e+01 6.0351e+01 8.0496e+01 6.0514e+01 7.9903e+01 6.8483e+01 7.3709e+01
  57.0000 6.8387e+01 5.8726e+01 7.8318e+01 5.8885e+01 7.7741e+01 6.6640e+01 7.1721e+01
  57.2500 6.6552e+01 5.7151e+01 7.6207e+01 5.7305e+01 7.5646e+01 6.4853e+01 6.9794e+01
  57.5000 6.4773e+01 5.5623e+01 7.4159e+01 5.5774e+01 7.3614e+01 6.3120e+01 6.7926e+01
  57.7500 6.3049e+01 5.4142e+01 7.2174e+01 5.4288e+01 7.1644e+01 6.1439e+01 6.6114e+01
  58.0000 6.1376e+01 5.2705e+01 7.0249e+01 5.2848e+01 6.9734e+01 5.9808e+01 6.4357e+01
  58.2500 5.9753e+01 5.1312e+01 6.8383e+01 5.1451e+01 6.7881e+01 5.8227e+01 6.2653e+01
  58.5000 5.8180e+01 4.9960e+01 6.6572e+01 5.0096e+01 6.6084e+01 5.6692e+01 6.0999e+01
  58.7500 5.6653e+01 4.8649e+01 6.4815e+01 4.8781e+01 6.4341e+01 5.5203e+01 5.9395e+01
  59.0000 5.5171e+01 4.7376e+01 6.3111e+01 4.7505e+01 6.2649e+01 5.3759e+01 5.7839e+01
  59.2500 5.3734e+01 4.6142e+01 6.1457e+01 4.6268e+01 6.1008e+01 5.2357e+01 5.6328e+01
  59.5000 5.2339e+01 4.4943e+01 5.9852e+01 4.5066e+01 5.9416e+01 5.0996e+01 5.4862e+01
  59.7500 5.0985e+01 4.3780e+01 5.8295e+01 4.3900e+01 5.7870e+01 4.9675e+01 5.3440e+01
  60.0000 4.9670e+01 4.2651e+01 5.6783e+01 4.2769e+01 5.6370e+01 4.8392e+01 5.2059e+01
  60.2500 4.8395e+01 4.1555e+01 5.5316e+01 4.1670e+01 5.4914e+01 4.7148e+01 5.0718e+01
  60.5000 4.7156e+01 4.0491e+01 5.3891e+01 4.0603e+01 5.3501e+01 4.5939e+01 4.9416e+01
  60.7500 4.5953e+01 3.9457e+01 5.2508e+01 3.9567e+01 5.2128e+01 4.4765e+01 4.8152e+01
  61.0000 4.4785e+01 3.8454e+01 5.1165e+01 3.8561e+01 5.0795e+01 4.3624e+01 4.6924e+01
  61.2500 4.3650e+01 3.7479e+01 4.9861e+01 3.7584e+01 4.9501e+01 4.2517e+01 4.5732e+01
  61.5000 4.2548e+01 3.6532e+01 4.8594e+01 3.6635e+01 4.8244e+01 4.1441e+01 4.4574e+01
  61.7500 4.1477e+01 3.5612e+01 4.7363e+01 3.5713e+01 4.7023e+01 4.0396e+01 4.3449e+01
  62.0000 4.0437e+01 3.4718e+01 4.6168e+01 3.4817e+01 4.5837e+01 3.9381e+01 4.2356e+01
  62.2500 3.9427e+01 3.3850e+01 4.5007e+01 3.3947e+01 4.4685e+01 3.8394e+01 4.1294e+01
  62.5000 3.8444e+01 3.3006e+01 4.3878e+01 3.3101e+01 4.3565e+01 3.7435e+01 4.0262e+01
  62.7500 3.7490e+01 3.2186e+01 4.2782e+01 3.2279e+01 4.2477e+01 3.6504e+01 3.9260e+01
  63.0000 3.6562e+01 3.1389e+01 4.1717e+01 3.1480e+01 4.1420e+01 3.5598e+01 3.8285e+01
  63.2500 3.5661e+01 3.0614e+01 4.0681e+01 3.0703e+01 4.0393e+01 3.4717e+01 3.7337e+01
  63.5000 3.4784e+01 2.9861e+01 3.9674e+01 2.9948e+01 3.9394e+01 3.3861e+01 3.6416e+01
  63.7500 3.3932e+01 2.9129e+01 3.8696e+01 2.9214e+01 3.8423e+01 3.3029e+01 3.5521e+01
  64.0000 3.3103e+01 2.8417e+01 3.7744e+01 2.8500e+01 3.7479e+01 3.2220e+01 3.4651e+01
  64.2500 3.2297e+01 2.7724e+01 3.6819e+01 2.7806e+01 3.6561e+01 3.1433e+01 3.3804e+01
  64.5000 3.1513e+01 2.7050e+01 3.5920e+01 2.7131e+01 3.5668e+01 3.0668e+01 3.2981e+01
  64.7500 3.0750e+01 2.6395e+01 3.5045e+01 2.6474e+01 3.4800e+01 2.9924e+01 3.2180e+01
  65.0000 3.0009e+01 2.5758e+01 3.4194e+01 2.5836e+01 3.3956e+01 2.9200e+01 3.1401e+01
  65.2500 2.9287e+01 2.5138e+01 3.3367e+01 2.5214e+01 3.3135e+01 2.8495e+01 3.0643e+01
  65.5000 2.8585e+01 2.4535e+01 3.2562e+01 2.4610e+01 3.2336e+01 2.7810e+01 2.9906e+01
  65.7500 2.7902e+01 2.3948e+01 3.1779e+01 2.4021e+01 3.1559e+01 2.7143e+01 2.9189e+01
  66.0000 2.7237e+01 2.3377e+01 3.1017e+01 2.3449e+01 3.0802e+01 2.6494e+01 2.8491e+01
  66.2500 2.6590e+01 2.2821e+01 3.0275e+01 2.2892e+01 3.0067e+01 2.5863e+01 2.7812e+01
  66.5000 2.5960e+01 2.2280e+01 2.9554e+01 2.2349e+01 2.9351e+01 2.5249e+01 2.7151e+01
  66.7500 2.5348e+01 2.1753e+01 2.8851e+01 2.1821e+01 2.8654e+01 2.4651e+01 2.6508e+01
  67.0000 2.4751e+01 2.1240e+01 2.8168e+01 2.1307e+01 2.7975e+01 2.4068e+01 2.5882e+01
  67.2500 2.4170e+01 2.0741e+01 2.7502e+01 2.0807e+01 2.7315e+01 2.3501e+01 2.5272e+01
  67.5000 2.3604e+01 2.0255e+01 2.6855e+01 2.0320e+01 2.6672e+01 2.2950e+01 2.4678e+01
  67.7500 2.3053e+01 1.9782e+01 2.6224e+01 1.9845e+01 2.6046e+01 2.2412e+01 2.4101e+01
  68.0000 2.2516e+01 1.9321e+01 2.5610e+01 1.9383e+01 2.5436e+01 2.1889e+01 2.3538e+01
  68.2500 2.1993e+01 1.8872e+01 2.5012e+01 1.8933e+01 2.4843e+01 2.1379e+01 2.2990e+01
  68.5000 2.1484e+01 1.8434e+01 2.4430e+01 1.8494e+01 2.4265e+01 2.0883e+01 2.2456e+01
  68.7500 2.0988e+01 1.8008e+01 2.3863e+01 1.8067e+01 2.3702e+01 2.0399e+01 2.1936e+01
  69.0000 2.0505e+01 1.7593e+01 2.3310e+01 1.7651e+01 2.3153e+01 1.9929e+01 2.1430e+01
  69.2500 2.0034e+01 1.7189e+01 2.2772e+01 1.7245e+01 2.2619e+01 1.9470e+01 2.0936e+01
  69.5000 1.9575e+01 1.6795e+01 2.2248e+01 1.6850e+01 2.2099e+01 1.9023e+01 2.0456e+01
  69.7500 1.9128e+01 1.6411e+01 2.1737e+01 1.6465e+01 2.1591e+01 1.8587e+01 1.9987e+01
  70.0000 1.8692e+01 1.6036e+01 2.1240e+01 1.6090e+01 2.1098e+01 1.8163e+01 1.9531e+01
  70.2500 1.8267e+01 1.5672e+01 2.0755e+01 1.5724e+01 2.0616e+01 1.7750e+01 1.9086e+01
  70.5000 1.7853e+01 1.5316e+01 2.0283e+01 1.5367e+01 2.0147e+01 1.7347e+01 1.8653e+01
  70.7500 1.7450e+01 1.4970e+01 1.9823e+01 1.5020e+01 1.9691e+01 1.6954e+01 1.8231e+01
  71.0000 1.7057e+01 1.4632e+01 1.9374e+01 1.4681e+01 1.9245e+01 1.6572e+01 1.7820e+01
  71.2500 1.6673e+01 1.4303e+01 1.8938e+01 1.4351e+01 1.8811e+01 1.6199e+01 1.7419e+01
  71.5000 1.6299e+01 1.3982e+01 1.8512e+01 1.4029e+01 1.8388e+01 1.5835e+01 1.7028e+01
  71.7500 1.5935e+01 1.3669e+01 1.8097e+01 1.3715e+01 1.7976e+01 1.5481e+01 1.6647e+01
  72.0000 1.5580e+01 1.3364e+01 1.7692e+01 1.3409e+01 1.7574e+01 1.5136e+01 1.6276e+01
  72.2500 1.5233e+01 1.3067e+01 1.7298e+01 1.3111e+01 1.7183e+01 1.4799e+01 1.5913e+01
  72.5000 1.4895e+01 1.2777e+01 1.6913e+01 1.2820e+01 1.6801e+01 1.4471e+01 1.5560e+01
  72.7500 1.4566e+01 1.2494e+01 1.6539e+01 1.2536e+01 1.6428e+01 1.4151e+01 1.5216e+01
  73.0000 1.4244e+01 1.2218e+01 1.6173e+01 1.2259e+01 1.6065e+01 1.3839e+01 1.4880e+01
  73.2500 1.3930e+01 1.1949e+01 1.5817e+01 1.1989e+01 1.5711e+01 1.3534e+01 1.4553e+01
  73.5000 1.3624e+01 1.1687e+01 1.5469e+01 1.1726e+01 1.5366e+01 1.3237e+01 1.4234e+01
  73.7500 1.3326e+01 1.1430e+01 1.5130e+01 1.1469e+01 1.5029e+01 1.2948e+01 1.3922e+01
  74.0000 1.3035e+01 1.1181e+01 1.4800e+01 1.1218e+01 1.4700e+01 1.2665e+01 1.3619e+01
  74.2500 1.2751e+01 1.0937e+01 1.4477e+01 1.0973e+01 1.4380e+01 1.2390e+01 1.3322e+01
  74.5000 1.2474e+01 1.0699e+01 1.4163e+01 1.0735e+01 1.4067e+01 1.2121e+01 1.3033e+01
  74.7500 1.2203e+01 1.0467e+01 1.3856e+01 1.0502e+01 1.3762e+01 1.1859e+01 1.2751e+01
  75.0000 1.1940e+01 1.0241e+01 1.3556e+01 1.0274e+01 1.3465e+01 1.1603e+01 1.2476e+01
  75.2500 1.1682e+01 1.0020e+01 1.3264e+01 1.0053e+01 1.3174e+01 1.1353e+01 1.2207e+01
  75.5000 1.1431e+01 9.8041e+00 1.2979e+01 9.8362e+00 1.2891e+01 1.1109e+01 1.1945e+01
  75.7500 1.1185e+01 9.5936e+00 1.2701e+01 9.6249e+00 1.2615e+01 1.0871e+01 1.1690e+01
  76.0000 1.0946e+01 9.3882e+00 1.2430e+01 9.4186e+00 1.2345e+01 1.0639e+01 1.1440e+01
  76.2500 1.0712e+01 9.1876e+00 1.2165e+01 9.2173e+00 1.2082e+01 1.0413e+01 1.1196e+01
  76.5000 1.0484e+01 8.9919e+00 1.1906e+01 9.0208e+00 1.1825e+01 1.0192e+01 1.0959e+01
  76.7500 1.0261e+01 8.8008e+00 1.1654e+01 8.8289e+00 1.1574e+01 9.9757e+00 1.0726e+01
  77.0000 1.0043e+01 8.6142e+00 1.1407e+01 8.6416e+00 1.1329e+01 9.7649e+00 1.0500e+01
  77.2500 9.8310e+00 8.4320e+00 1.1167e+01 8.4587e+00 1.1090e+01 9.5592e+00 1.0278e+01
  77.5000 9.6236e+00 8.2541e+00 1.0932e+01 8.2800e+00 1.0856e+01 9.3582e+00 1.0062e+01
  77.7500 9.4210e+00 8.0804e+00 1.0703e+01 8.1056e+00 1.0628e+01 9.1621e+00 9.8515e+00
  78.0000 9.2232e+00 7.9107e+00 1.0479e+01 7.9353e+00 1.0406e+01 8.9705e+00 9.6455e+00
  78.2500 9.0300e+00 7.7450e+00 1.0260e+01 7.7689e+00 1.0188e+01 8.7834e+00 9.4443e+00
  78.5000 8.8414e+00 7.5832e+00 1.0047e+01 7.6064e+00 9.9759e+00 8.6006e+00 9.2478e+00
  78.7500 8.6570e+00 7.4251e+00 9.8380e+00 7.4477e+00 9.7686e+00 8.4221e+00 9.0559e+00
  79.0000 8.4770e+00 7.2707e+00 9.6343e+00 7.2927e+00 9.5661e+00 8.2478e+00 8.8684e+00
  79.2500 8.3011e+00 7.1199e+00 9.4353e+00 7.1412e+00 9.3683e+00 8.0775e+00 8.6853e+00
  79.5000 8.1293e+00 6.9725e+00 9.2410e+00 6.9933e+00 9.1751e+00 7.9111e+00 8.5064e+00
  79.7500 7.9614e+00 6.8286e+00 9.0511e+00 6.8487e+00 8.9863e+00 7.7486e+00 8.3316e+00
  80.0000 7.7974e+00 6.6879e+00 8.8655e+00 6.7075e+00 8.8018e+00 7.5898e+00 8.1608e+00
  80.2500 7.6371e+00 6.5505e+00 8.6843e+00 6.5695e+00 8.6216e+00 7.4346e+00 7.9939e+00
  80.5000 7.4805e+00 6.4161e+00 8.5072e+00 6.4347e+00 8.4455e+00 7.2829e+00 7.8309e+00
  80.7500 7.3275e+00 6.2849e+00 8.3341e+00 6.3029e+00 8.2734e+00 7.1347e+00 7.6715e+00
  81.0000 7.1779e+00 6.1566e+00 8.1649e+00 6.1741e+00 8.1053e+00 6.9899e+00 7.5158e+00
  81.2500 7.0317e+00 6.0313e+00 7.9996e+00 6.0482e+00 7.9409e+00 6.8483e+00 7.3636e+00
  81.5000 6.8888e+00 5.9087e+00 7.8380e+00 5.9252e+00 7.7803e+00 6.7100e+00 7.2148e+00
  81.7500 6.7492e+00 5.7890e+00 7.6801e+00 5.8049e+00 7.6233e+00 6.5747e+00 7.0694e+00
  82.0000 6.6127e+00 5.6719e+00 7.5257e+00 5.6874e+00 7.4698e+00 6.4425e+00 6.9272e+00
  82.2500 6.4792e+00 5.5574e+00 7.3748e+00 5.5725e+00 7.3197e+00 6.3132e+00 6.7883e+00
  82.5000 6.3487e+00 5.4456e+00 7.2272e+00 5.4602e+00 7.1730e+00 6.1869e+00 6.6524e+00
  82.7500 6.2212e+00 5.3362e+00 7.0829e+00 5.3504e+00 7.0296e+00 6.0633e+00 6.5195e+00
  83.0000 6.0964e+00 5.2292e+00 6.9419e+00 5.2430e+00 6.8894e+00 5.9425e+00 6.3896e+00
  83.2500 5.9745e+00 5.1246e+00 6.8039e+00 5.1380e+00 6.7523e+00 5.8243e+00 6.2626e+00
  83.5000 5.8553e+00 5.0224e+00 6.6690e+00 5.0354e+00 6.6182e+00 5.7088e+00 6.1384e+00
  83.7500 5.7386e+00 4.9224e+00 6.5371e+00 4.9350e+00 6.4870e+00 5.5958e+00 6.0169e+00
  84.0000 5.6246e+00 4.8246e+00 6.4080e+00 4.8368e+00 6.3588e+00 5.4852e+00 5.8981e+00
  84.2500 5.5131e+00 4.7289e+00 6.2818e+00 4.7408e+00 6.2333e+00 5.3771e+00 5.7819e+00
  84.5000 5.4040e+00 4.6354e+00 6.1584e+00 4.6469e+00 6.1106e+00 5.2714e+00 5.6682e+00
  84.7500 5.2973e+00 4.5439e+00 6.0376e+00 4.5551e+00 5.9906e+00 5.1680e+00 5.5570e+00
  85.0000 5.1931e+00 4.4544e+00 5.9195e+00 4.4653e+00 5.8732e+00 5.0668e+00 5.4482e+00
  85.2500 5.0911e+00 4.3670e+00 5.8040e+00 4.3776e+00 5.7584e+00 4.9679e+00 5.3418e+00
  85.5000 4.9914e+00 4.2814e+00 5.6910e+00 4.2917e+00 5.6461e+00 4.8711e+00 5.2378e+00
  85.7500 4.8939e+00 4.1978e+00 5.5804e+00 4.2078e+00 5.5363e+00 4.7764e+00 5.1360e+00
  86.0000 4.7985e+00 4.1160e+00 5.4722e+00 4.1257e+00 5.4288e+00 4.6837e+00 5.0364e+00
  86.2500 4.7052e+00 4.0360e+00 5.3664e+00 4.0454e+00 5.3237e+00 4.5931e+00 4.9390e+00
  86.5000 4.6140e+00 3.9577e+00 5.2628e+00 3.9669e+00 5.2208e+00 4.5044e+00 4.8437e+00
  86.7500 4.5247e+00 3.8811e+00 5.1615e+00 3.8901e+00 5.1202e+00 4.4177e+00 4.7504e+00
  87.0000 4.4374e+00 3.8062e+00 5.0624e+00 3.8149e+00 5.0217e+00 4.3328e+00 4.6591e+00
  87.2500 4.3520e+00 3.7329e+00 4.9653e+00 3.7414e+00 4.9254e+00 4.2497e+00 4.5698e+00
  87.5000 4.2684e+00 3.6612e+00 4.8704e+00 3.6695e+00 4.8311e+00 4.1684e+00 4.4824e+00
  87.7500 4.1867e+00 3.5910e+00 4.7774e+00 3.5991e+00 4.7388e+00 4.0888e+00 4.3968e+00
  88.0000 4.1067e+00 3.5224e+00 4.6865e+00 3.5303e+00 4.6485e+00 4.0110e+00 4.3131e+00
  88.2500 4.0284e+00 3.4552e+00 4.5975e+00 3.4629e+00 4.5601e+00 3.9347e+00 4.2312e+00
  88.5000 3.9518e+00 3.3895e+00 4.5103e+00 3.3970e+00 4.4736e+00 3.8601e+00 4.1510e+00
  88.7500 3.8769e+00 3.3252e+00 4.4250e+00 3.3325e+00 4.3889e+00 3.7871e+00 4.0725e+00
  89.0000 3.8035e+00 3.2622e+00 4.3415e+00 3.2694e+00 4.3060e+00 3.7156e+00 3.9956e+00
  89.2500 3.7317e+00 3.2006e+00 4.2598e+00 3.2076e+00 4.2249e+00 3.6457e+00 3.9204e+00
  89.5000 3.6615e+00 3.1403e+00 4.1797e+00 3.1471e+00 4.1455e+00 3.5772e+00 3.8467e+00
  89.7500 3.5927e+00 3.0812e+00 4.1014e+00 3.0880e+00 4.0677e+00 3.5101e+00 3.7746e+00
  90.0000 3.5253e+00 3.0235e+00 4.0246e+00 3.0300e+00 3.9916e+00 3.4444e+00 3.7040e+00
  90.2500 3.4594e+00 2.9669e+00 3.9495e+00 2.9733e+00 3.9170e+00 3.3801e+00 3.6349e+00
  90.5000 3.3949e+00 2.9115e+00 3.8759e+00 2.9178e+00 3.8440e+00 3.3172e+00 3.5672e+00
  90.7500 3.3317e+00 2.8573e+00 3.8039e+00 2.8634e+00 3.7725e+00 3.2555e+00 3.5009e+00
  91.0000 3.2699e+00 2.8042e+00 3.7334e+00 2.8102e+00 3.7026e+00 3.1951e+00 3.4360e+00
  91.2500 3.2093e+00 2.7522e+00 3.6643e+00 2.7581e+00 3.6340e+00 3.1360e+00 3.3724e+00
  91.5000 3.1500e+00 2.7013e+00 3.5966e+00 2.7071e+00 3.5669e+00 3.0781e+00 3.3102e+00
  91.7500 3.0920e+00 2.6514e+00 3.5303e+00 2.6571e+00 3.5011e+00 3.0214e+00 3.2492e+00
  92.0000 3.0351e+00 2.6026e+00 3.4654e+00 2.6082e+00 3.4367e+00 2.9658e+00 3.1895e+00
  92.2500 2.9794e+00 2.5548e+00 3.4018e+00 2.5603e+00 3.3737e+00 2.9114e+00 3.1310e+00
  92.5000 2.9249e+00 2.5080e+00 3.3395e+00 2.5134e+00 3.3119e+00 2.8581e+00 3.0737e+00
  92.7500 2.8714e+00 2.4621e+00 3.2785e+00 2.4674e+00 3.2513e+00 2.8059e+00 3.0175e+00
  93.0000 2.8191e+00 2.4172e+00 3.2187e+00 2.4224e+00 3.1921e+00 2.7548e+00 2.9625e+00
  93.2500 2.7679e+00 2.3732e+00 3.1601e+00 2.3783e+00 3.1340e+00 2.7046e+00 2.9086e+00
  93.5000 2.7176e+00 2.3301e+00 3.1027e+00 2.3351e+00 3.0771e+00 2.6555e+00 2.8559e+00
  93.7500 2.6684e+00 2.2878e+00 3.0465e+00 2.2928e+00 3.0213e+00 2.6074e+00 2.8041e+00
  94.0000 2.6202e+00 2.2465e+00 2.9914e+00 2.2513e+00 2.9667e+00 2.5603e+00 2.7534e+00
  94.2500 2.5730e+00 2.2059e+00 2.9374e+00 2.2107e+00 2.9131e+00 2.5141e+00 2.7038e+00
  94.5000 2.5267e+00 2.1662e+00 2.8845e+00 2.1709e+00 2.8607e+00 2.4688e+00 2.6551e+00
  94.7500 2.4814e+00 2.1273e+00 2.8326e+00 2.1319e+00 2.8093e+00 2.4245e+00 2.6074e+00
  95.0000 2.4370e+00 2.0891e+00 2.7818e+00 2.0937e+00 2.7589e+00 2.3810e+00 2.5607e+00
  95.2500 2.3935e+00 2.0518e+00 2.7320e+00 2.0562e+00 2.7095e+00 2.3384e+00 2.5149e+00
  95.5000 2.3508e+00 2.0151e+00 2.6832e+00 2.0195e+00 2.6611e+00 2.2966e+00 2.4700e+00
  95.7500 2.3090e+00 1.9792e+00 2.6353e+00 1.9836e+00 2.6136e+00 2.2557e+00 2.4260e+00
  96.0000 2.2680e+00 1.9440e+00 2.5884e+00 1.9483e+00 2.5672e+00 2.2156e+00 2.3828e+00
  96.2500 2.2278e+00 1.9095e+00 2.5425e+00 1.9138e+00 2.5216e+00 2.1762e+00 2.3405e+00
  96.5000 2.1884e+00 1.8757e+00 2.4974e+00 1.8799e+00 2.4769e+00 2.1377e+00 2.2991e+00
  96.7500 2.1498e+00 1.8426e+00 2.4532e+00 1.8467e+00 2.4331e+00 2.0999e+00 2.2584e+00
  97.0000 2.1120e+00 1.8101e+00 2.4099e+00 1.8141e+00 2.3902e+00 2.0628e+00 2.2186e+00
  97.2500 2.0749e+00 1.7782e+00 2.3674e+00 1.7822e+00 2.3480e+00 2.0265e+00 2.1795e+00
  97.5000 2.0385e+00 1.7470e+00 2.3258e+00 1.7509e+00 2.3068e+00 1.9909e+00 2.1412e+00
  97.7500 2.0028e+00 1.7164e+00 2.2849e+00 1.7203e+00 2.2663e+00 1.9560e+00 2.1037e+00
  98.0000 1.9679e+00 1.6864e+00 2.2449e+00 1.6902e+00 2.2266e+00 1.9217e+00 2.0669e+00
  98.2500 1.9336e+00 1.6569e+00 2.2056e+00 1.6607e+00 2.1877e+00 1.8881e+00 2.0308e+00
  98.5000 1.8999e+00 1.6281e+00 2.1671e+00 1.6318e+00 2.1495e+00 1.8552e+00 1.9954e+00
  98.7500 1.8670e+00 1.5998e+00 2.1294e+00 1.6034e+00 2.1121e+00 1.8229e+00 1.9606e+00
  99.0000 1.8346e+00 1.5720e+00 2.0923e+00 1.5756e+00 2.0753e+00 1.7912e+00 1.9266e+00
  99.2500 1.8029e+00 1.5447e+00 2.0560e+00 1.5483e+00 2.0393e+00 1.7601e+00 1.8932e+00
  99.5000 1.7718e+00 1.5180e+00 2.0204e+00 1.5215e+00 2.0040e+00 1.7296e+00 1.8604e+00
  99.7500 1.7412e+00 1.4918e+00 1.9854e+00 1.4953e+00 1.9694e+00 1.6998e+00 1.8283e+00
 100.0000 1.7113e+00 1.4661e+00 1.9511e+00 1.4695e+00 1.9354e+00 1.6704e+00 1.7968e+00
 100.2500 1.6819e+00 1.4409e+00 1.9175e+00 1.4443e+00 1.9021e+00 1.6417e+00 1.7658e+00
 100.5000 1.6531e+00 1.4162e+00 1.8845e+00 1.4195e+00 1.8694e+00 1.6135e+00 1.7355e+00
 100.7500 1.6248e+00 1.3919e+00 1.8522e+00 1.3952e+00 1.8373e+00 1.5858e+00 1.7057e+00
 101.0000 1.5971e+00 1.3681e+00 1.8204e+00 1.3713e+00 1.8058e+00 1.5586e+00 1.6765e+00
 101.2500 1.5698e+00 1.3447e+00 1.7893e+00 1.3479e+00 1.7749e+00 1.5319e+00 1.6479e+00
 101.5000 1.5431e+00 1.3218e+00 1.7587e+00 1.3250e+00 1.7446e+00 1.5058e+00 1.6198e+00
 101.7500 1.5169e+00 1.2993e+00 1.7287e+00 1.3024e+00 1.7148e+00 1.4801e+00 1.5922e+00
 102.0000 1.4912e+00 1.2772e+00 1.6993e+00 1.2803e+00 1.6857e+00 1.4550e+00 1.5652e+00
 102.2500 1.4660e+00 1.2555e+00 1.6704e+00 1.2586e+00 1.6570e+00 1.4303e+00 1.5386e+00
 102.5000 1.4412e+00 1.2343e+00 1.6420e+00 1.2373e+00 1.6289e+00 1.4060e+00 1.5125e+00
 102.7500 1.4168e+00 1.2134e+00 1.6142e+00 1.2164e+00 1.6013e+00 1.3822e+00 1.4870e+00
 103.0000 1.3930e+00 1.1929e+00 1.5869e+00 1.1959e+00 1.5743e+00 1.3589e+00 1.4619e+00
 103.2500 1.3695e+00 1.1728e+00 1.5601e+00 1.1757e+00 1.5477e+00 1.3359e+00 1.4372e+00
 103.5000 1.3465e+00 1.1531e+00 1.5339e+00 1.1560e+00 1.5216e+00 1.3135e+00 1.4131e+00
 103.7500 1.3240e+00 1.1337e+00 1.5081e+00 1.1365e+00 1.4961e+00 1.2914e+00 1.3893e+00
 104.0000 1.3018e+00 1.1147e+00 1.4828e+00 1.1175e+00 1.4710e+00 1.2697e+00 1.3661e+00
 104.2500 1.2801e+00 1.0961e+00 1.4579e+00 1.0988e+00 1.4463e+00 1.2485e+00 1.3432e+00
 104.5000 1.2587e+00 1.0777e+00 1.4335e+00 1.0804e+00 1.4222e+00 1.2276e+00 1.3208e+00
 104.7500 1.2378e+00 1.0598e+00 1.4096e+00 1.0624e+00 1.3984e+00 1.2071e+00 1.2988e+00
 105.0000 1.2172e+00 1.0421e+00 1.3861e+00 1.0447e+00 1.3751e+00 1.1870e+00 1.2772e+00
 105.2500 1.1970e+00 1.0248e+00 1.3631e+00 1.0274e+00 1.3522e+00 1.1673e+00 1.2560e+00
 105.5000 1.1771e+00 1.0078e+00 1.3405e+00 1.0103e+00 1.3298e+00 1.1479e+00 1.2352e+00
 105.7500 1.1577e+00 9.9108e-01 1.3182e+00 9.9359e-01 1.3078e+00 1.1289e+00 1.2147e+00
 106.0000 1.1386e+00 9.7469e-01 1.2964e+00 9.7715e-01 1.2861e+00 1.1102e+00 1.1947e+00
 106.2500 1.1198e+00 9.5859e-01 1.2750e+00 9.6102e-01 1.2649e+00 1.0919e+00 1.1750e+00
 106.5000 1.1014e+00 9.4279e-01 1.2540e+00 9.4518e-01 1.2440e+00 1.0739e+00 1.1557e+00
 106.7500 1.0833e+00 9.2727e-01 1.2334e+00 9.2962e-01 1.2236e+00 1.0563e+00 1.1367e+00
 107.0000 1.0655e+00 9.1203e-01 1.2131e+00 9.1435e-01 1.2035e+00 1.0389e+00 1.1180e+00
 107.2500 1.0480e+00 8.9707e-01 1.1933e+00 8.9935e-01 1.1838e+00 1.0219e+00 1.0998e+00
 107.5000 1.0309e+00 8.8237e-01 1.1737e+00 8.8462e-01 1.1644e+00 1.0052e+00 1.0818e+00
 107.7500 1.0141e+00 8.6795e-01 1.1546e+00 8.7016e-01 1.1454e+00 9.8878e-01 1.0641e+00
 108.0000 9.9757e-01 8.5378e-01 1.1358e+00 8.5595e-01 1.1267e+00 9.7266e-01 1.0468e+00
 108.2500 9.8133e-01 8.3986e-01 1.1173e+00 8.4200e-01 1.1083e+00 9.5684e-01 1.0298e+00
 108.5000 9.6540e-01 8.2620e-01 1.0991e+00 8.2830e-01 1.0903e+00 9.4129e-01 1.0131e+00
 108.7500 9.4974e-01 8.1278e-01 1.0813e+00 8.1485e-01 1.0726e+00 9.2603e-01 9.9671e-01
 109.0000 9.3437e-01 7.9960e-01 1.0638e+00 8.0163e-01 1.0553e+00 9.1104e-01 9.8061e-01
 109.2500 9.1926e-01 7.8665e-01 1.0466e+00 7.8865e-01 1.0382e+00 8.9632e-01 9.6479e-01
 109.5000 9.0443e-01 7.7393e-01 1.0297e+00 7.7590e-01 1.0214e+00 8.8186e-01 9.4925e-01
 109.7500 8.8986e-01 7.6144e-01 1.0132e+00 7.6338e-01 1.0050e+00 8.6766e-01 9.3399e-01
 110.0000 8.7554e-01 7.4918e-01 9.9687e-01 7.5108e-01 9.8882e-01 8.5371e-01 9.1900e-01
 110.2500 8.6148e-01 7.3712e-01 9.8088e-01 7.3899e-01 9.7295e-01 8.4001e-01 9.0428e-01
 110.5000 8.4767e-01 7.2529e-01 9.6517e-01 7.2712e-01 9.5735e-01 8.2656e-01 8.8982e-01
 110.7500 8.3410e-01 7.1366e-01 9.4974e-01 7.1546e-01 9.4204e-01 8.1334e-01 8.7561e-01
 111.0000 8.2077e-01 7.0223e-01 9.3459e-01 7.0401e-01 9.2699e-01 8.0035e-01 8.6166e-01
 111.2500 8.0768e-01 6.9101e-01 9.1970e-01 6.9275e-01 9.1221e-01 7.8760e-01 8.4795e-01
 111.5000 7.9481e-01 6.7998e-01 9.0507e-01 6.8170e-01 8.9769e-01 7.7506e-01 8.3448e-01
 111.7500 7.8217e-01 6.6915e-01 8.9070e-01 6.7083e-01 8.8342e-01 7.6275e-01 8.2125e-01
 112.0000 7.6975e-01 6.5851e-01 8.7659e-01 6.6016e-01 8.6941e-01 7.5066e-01 8.0825e-01
 112.2500 7.5755e-01 6.4805e-01 8.6272e-01 6.4967e-01 8.5564e-01 7.3877e-01 7.9548e-01
 112.5000 7.4556e-01 6.3778e-01 8.4909e-01 6.3937e-01 8.4211e-01 7.2710e-01 7.8294e-01
 112.7500 7.3377e-01 6.2768e-01 8.3571e-01 6.2925e-01 8.2882e-01 7.1562e-01 7.7061e-01
 113.0000 7.2220e-01 6.1776e-01 8.2255e-01 6.1930e-01 8.1576e-01 7.0435e-01 7.5849e-01
 113.2500 7.1082e-01 6.0801e-01 8.0963e-01 6.0952e-01 8.0293e-01 6.9327e-01 7.4659e-01
 113.5000 6.9964e-01 5.9844e-01 7.9693e-01 5.9992e-01 7.9032e-01 6.8239e-01 7.3489e-01
 113.7500 6.8866e-01 5.8902e-01 7.8445e-01 5.9048e-01 7.7793e-01 6.7169e-01 7.2340e-01
 114.0000 6.7786e-01 5.7977e-01 7.7219e-01 5.8120e-01 7.6575e-01 6.6118e-01 7.1211e-01
 114.2500 6.6725e-01 5.7068e-01 7.6014e-01 5.7208e-01 7.5379e-01 6.5085e-01 7.0101e-01
 114.5000 6.5682e-01 5.6175e-01 7.4829e-01 5.6313e-01 7.4203e-01 6.4070e-01 6.9010e-01
 114.7500 6.4657e-01 5.5297e-01 7.3665e-01 5.5432e-01 7.3047e-01 6.3072e-01 6.7937e-01
 115.0000 6.3650e-01 5.4434e-01 7.2522e-01 5.4567e-01 7.1911e-01 6.2092e-01 6.6884e-01
 115.2500 6.2660e-01 5.3586e-01 7.1397e-01 5.3716e-01 7.0795e-01 6.1128e-01 6.5848e-01
 115.5000 6.1686e-01 5.2752e-01 7.0292e-01 5.2880e-01 6.9698e-01 6.0181e-01 6.4830e-01
 115.7500 6.0730e-01 5.1933e-01 6.9206e-01 5.2058e-01 6.8619e-01 5.9249e-01 6.3829e-01
 116.0000 5.9790e-01 5.1128e-01 6.8139e-01 5.1251e-01 6.7559e-01 5.8334e-01 6.2846e-01
 116.2500 5.8866e-01 5.0336e-01 6.7089e-01 5.0457e-01 6.6517e-01 5.7434e-01 6.1879e-01
 116.5000 5.7957e-01 4.9558e-01 6.6058e-01 4.9676e-01 6.5493e-01 5.6550e-01 6.0929e-01
 116.7500 5.7064e-01 4.8793e-01 6.5044e-01 4.8909e-01 6.4486e-01 5.5681e-01 5.9994e-01
 117.0000 5.6186e-01 4.8041e-01 6.4047e-01 4.8155e-01 6.3496e-01 5.4826e-01 5.9076e-01
 117.2500 5.5323e-01 4.7301e-01 6.3067e-01 4.7414e-01 6.2523e-01 5.3986e-01 5.8173e-01
 117.5000 5.4474e-01 4.6575e-01 6.2104e-01 4.6685e-01 6.1567e-01 5.3160e-01 5.7285e-01
 117.7500 5.3640e-01 4.5860e-01 6.1156e-01 4.5968e-01 6.0626e-01 5.2347e-01 5.6412e-01
 118.0000 5.2820e-01 4.5158e-01 6.0225e-01 4.5264e-01 5.9702e-01 5.1549e-01 5.5554e-01
 118.2500 5.2013e-01 4.4467e-01 5.9309e-01 4.4571e-01 5.8793e-01 5.0763e-01 5.4710e-01
 118.5000 5.1221e-01 4.3788e-01 5.8409e-01 4.3890e-01 5.7899e-01 4.9991e-01 5.3881e-01
 118.7500 5.0441e-01 4.3120e-01 5.7524e-01 4.3221e-01 5.7020e-01 4.9232e-01 5.3065e-01
 119.0000 4.9674e-01 4.2464e-01 5.6653e-01 4.2563e-01 5.6156e-01 4.8485e-01 5.2263e-01
 119.2500 4.8921e-01 4.1818e-01 5.5797e-01 4.1915e-01 5.5306e-01 4.7751e-01 5.1474e-01
 119.5000 4.8179e-01 4.1184e-01 5.4956e-01 4.1279e-01 5.4470e-01 4.7029e-01 5.0698e-01
 119.7500 4.7451e-01 4.0560e-01 5.4128e-01 4.0653e-01 5.3649e-01 4.6319e-01 4.9935e-01
 120.0000 4.6734e-01 3.9946e-01 5.3314e-01 4.0037e-01 5.2841e-01 4.5621e-01 4.9185e-01
 120.2500 4.6029e-01 3.9342e-01 5.2513e-01 3.9432e-01 5.2046e-01 4.4934e-01 4.8447e-01
 120.5000 4.5336e-01 3.8749e-01 5.1726e-01 3.8837e-01 5.1264e-01 4.4259e-01 4.7721e-01
 120.7500 4.4654e-01 3.8165e-01 5.0952e-01 3.8252e-01 5.0496e-01 4.3595e-01 4.7007e-01
 121.0000 4.3984e-01 3.7591e-01 5.0190e-01 3.7676e-01 4.9739e-01 4.2941e-01 4.6305e-01
 121.2500 4.3325e-01 3.7026e-01 4.9441e-01 3.7110e-01 4.8996e-01 4.2299e-01 4.5614e-01
 121.5000 4.2676e-01 3.6471e-01 4.8704e-01 3.6553e-01 4.8264e-01 4.1667e-01 4.4935e-01
 121.7500 4.2038e-01 3.5925e-01 4.7979e-01 3.6006e-01 4.7545e-01 4.1045e-01 4.4267e-01
 122.0000 4.1411e-01 3.5387e-01 4.7266e-01 3.5467e-01 4.6837e-01 4.0433e-01 4.3610e-01
 122.2500 4.0794e-01 3.4859e-01 4.6564e-01 3.4938e-01 4.6141e-01 3.9831e-01 4.2963e-01
 122.5000 4.0187e-01 3.4339e-01 4.5874e-01 3.4417e-01 4.5456e-01 3.9239e-01 4.2327e-01
 122.7500 3.9590e-01 3.3828e-01 4.5195e-01 3.3904e-01 4.4783e-01 3.8657e-01 4.1701e-01
 123.0000 3.9003e-01 3.3325e-01 4.4528e-01 3.3400e-01 4.4120e-01 3.8084e-01 4.1085e-01
 123.2500 3.8425e-01 3.2831e-01 4.3871e-01 3.2904e-01 4.3468e-01 3.7520e-01 4.0479e-01
 123.5000 3.7857e-01 3.2344e-01 4.3224e-01 3.2416e-01 4.2827e-01 3.6965e-01 3.9883e-01
 123.7500 3.7298e-01 3.1865e-01 4.2588e-01 3.1937e-01 4.2196e-01 3.6419e-01 3.9297e-01
 124.0000 3.6747e-01 3.1394e-01 4.1962e-01 3.1465e-01 4.1575e-01 3.5883e-01 3.8720e-01
 124.2500 3.6206e-01 3.0931e-01 4.1346e-01 3.1000e-01 4.0964e-01 3.5354e-01 3.8152e-01
 124.5000 3.5674e-01 3.0475e-01 4.0740e-01 3.0543e-01 4.0363e-01 3.4834e-01 3.7593e-01
 124.7500 3.5150e-01 3.0026e-01 4.0144e-01 3.0094e-01 3.9771e-01 3.4322e-01 3.7044e-01
 125.0000 3.4635e-01 2.9585e-01 3.9557e-01 2.9651e-01 3.9189e-01 3.3819e-01 3.6503e-01
 125.2500 3.4128e-01 2.9151e-01 3.8980e-01 2.9217e-01 3.8616e-01 3.3324e-01 3.5970e-01
 125.5000 3.3629e-01 2.8724e-01 3.8412e-01 2.8788e-01 3.8053e-01 3.2836e-01 3.5446e-01
 125.7500 3.3138e-01 2.8304e-01 3.7853e-01 2.8367e-01 3.7499e-01 3.2356e-01 3.4931e-01
 126.0000 3.2655e-01 2.7890e-01 3.7303e-01 2.7953e-01 3.6953e-01 3.1884e-01 3.4424e-01
 126.2500 3.2180e-01 2.7483e-01 3.6762e-01 2.7545e-01 3.6417e-01 3.1420e-01 3.3925e-01
 126.5000 3.1713e-01 2.7083e-01 3.6229e-01 2.7144e-01 3.5888e-01 3.0963e-01 3.3433e-01
 126.7500 3.1253e-01 2.6689e-01 3.5705e-01 2.6749e-01 3.5369e-01 3.0513e-01 3.2950e-01
 127.0000 3.0800e-01 2.6302e-01 3.5189e-01 2.6361e-01 3.4857e-01 3.0070e-01 3.2474e-01
 127.2500 3.0355e-01 2.5920e-01 3.4682e-01 2.5979e-01 3.4354e-01 2.9635e-01 3.2006e-01
 127.5000 2.9916e-01 2.5545e-01 3.4182e-01 2.5603e-01 3.3859e-01 2.9206e-01 3.1545e-01
 127.7500 2.9485e-01 2.5176e-01 3.3690e-01 2.5233e-01 3.3371e-01 2.8784e-01 3.1092e-01
 128.0000 2.9060e-01 2.4812e-01 3.3207e-01 2.4869e-01 3.2892e-01 2.8369e-01 3.0645e-01
 128.2500 2.8643e-01 2.4454e-01 3.2730e-01 2.4510e-01 3.2420e-01 2.7960e-01 3.0206e-01
 128.5000 2.8231e-01 2.4102e-01 3.2262e-01 2.4158e-01 3.1955e-01 2.7558e-01 2.9774e-01
 128.7500 2.7827e-01 2.3756e-01 3.1800e-01 2.3811e-01 3.1498e-01 2.7162e-01 2.9348e-01
 129.0000 2.7429e-01 2.3415e-01 3.1347e-01 2.3469e-01 3.1048e-01 2.6772e-01 2.8929e-01
 129.2500 2.7037e-01 2.3079e-01 3.0900e-01 2.3133e-01 3.0605e-01 2.6389e-01 2.8517e-01
 129.5000 2.6651e-01 2.2749e-01 3.0460e-01 2.2802e-01 3.0169e-01 2.6011e-01 2.8111e-01
 129.7500 2.6271e-01 2.2424e-01 3.0027e-01 2.2476e-01 2.9740e-01 2.5639e-01 2.7711e-01
 130.0000 2.5897e-01 2.2104e-01 2.9601e-01 2.2156e-01 2.9317e-01 2.5274e-01 2.7318e-01
 130.2500 2.5529e-01 2.1789e-01 2.9181e-01 2.1840e-01 2.8902e-01 2.4914e-01 2.6931e-01
 130.5000 2.5167e-01 2.1479e-01 2.8768e-01 2.1530e-01 2.8492e-01 2.4559e-01 2.6549e-01
 130.7500 2.4811e-01 2.1174e-01 2.8362e-01 2.1224e-01 2.8089e-01 2.4210e-01 2.6174e-01
 131.0000 2.4460e-01 2.0874e-01 2.7961e-01 2.0923e-01 2.7693e-01 2.3867e-01 2.5805e-01
 131.2500 2.4114e-01 2.0578e-01 2.7567e-01 2.0627e-01 2.7302e-01 2.3529e-01 2.5441e-01
 131.5000 2.3775e-01 2.0287e-01 2.7180e-01 2.0336e-01 2.6918e-01 2.3196e-01 2.5083e-01
 131.7500 2.3440e-01 2.0001e-01 2.6798e-01 2.0048e-01 2.6540e-01 2.2868e-01 2.4730e-01
 132.0000 2.3110e-01 1.9719e-01 2.6422e-01 1.9766e-01 2.6167e-01 2.2545e-01 2.4383e-01
 132.2500 2.2786e-01 1.9441e-01 2.6052e-01 1.9488e-01 2.5800e-01 2.2228e-01 2.4042e-01
 132.5000 2.2466e-01 1.9168e-01 2.5687e-01 1.9214e-01 2.5439e-01 2.1915e-01 2.3705e-01
 132.7500 2.2152e-01 1.8898e-01 2.5328e-01 1.8944e-01 2.5084e-01 2.1607e-01 2.3374e-01
 133.0000 2.1842e-01 1.8633e-01 2.4975e-01 1.8679e-01 2.4734e-01 2.1304e-01 2.3048e-01
 133.2500 2.1538e-01 1.8373e-01 2.4627e-01 1.8418e-01 2.4389e-01 2.1005e-01 2.2726e-01
 133.5000 2.1237e-01 1.8116e-01 2.4285e-01 1.8160e-01 2.4050e-01 2.0711e-01 2.2410e-01
 133.7500 2.0942e-01 1.7863e-01 2.3947e-01 1.7907e-01 2.3716e-01 2.0422e-01 2.2099e-01
 134.0000 2.0651e-01 1.7614e-01 2.3615e-01 1.7658e-01 2.3387e-01 2.0137e-01 2.1792e-01
 134.2500 2.0364e-01 1.7369e-01 2.3288e-01 1.7412e-01 2.3063e-01 1.9856e-01 2.1490e-01
 134.5000 2.0082e-01 1.7127e-01 2.2966e-01 1.7170e-01 2.2744e-01 1.9580e-01 2.1192e-01
 134.7500 1.9804e-01 1.6889e-01 2.2649e-01 1.6932e-01 2.2430e-01 1.9307e-01 2.0899e-01
 135.0000 1.9531e-01 1.6655e-01 2.2336e-01 1.6698e-01 2.2120e-01 1.9040e-01 2.0611e-01
 135.2500 1.9261e-01 1.6425e-01 2.2029e-01 1.6467e-01 2.1816e-01 1.8776e-01 2.0327e-01
 135.5000 1.8996e-01 1.6198e-01 2.1726e-01 1.6239e-01 2.1516e-01 1.8516e-01 2.0047e-01
 135.7500 1.8735e-01 1.5974e-01 2.1428e-01 1.6015e-01 2.1220e-01 1.8260e-01 1.9771e-01
 136.0000 1.8477e-01 1.5754e-01 2.1134e-01 1.5795e-01 2.0929e-01 1.8008e-01 1.9500e-01
 136.2500 1.8224e-01 1.5537e-01 2.0844e-01 1.5578e-01 2.0642e-01 1.7759e-01 1.9232e-01
 136.5000 1.7974e-01 1.5324e-01 2.0559e-01 1.5364e-01 2.0360e-01 1.7515e-01 1.8969e-01
 136.7500 1.7729e-01 1.5113e-01 2.0279e-01 1.5153e-01 2.0082e-01 1.7274e-01 1.8710e-01
 137.0000 1.7486e-01 1.4906e-01 2.0002e-01 1.4946e-01 1.9808e-01 1.7037e-01 1.8454e-01
 137.2500 1.7248e-01 1.4702e-01 1.9730e-01 1.4742e-01 1.9539e-01 1.6803e-01 1.8202e-01
 137.5000 1.7013e-01 1.4501e-01 1.9461e-01 1.4540e-01 1.9273e-01 1.6573e-01 1.7955e-01
 137.7500 1.6782e-01 1.4304e-01 1.9197e-01 1.4342e-01 1.9011e-01 1.6346e-01 1.7710e-01
 138.0000 1.6554e-01 1.4109e-01 1.8937e-01 1.4147e-01 1.8754e-01 1.6123e-01 1.7470e-01
 138.2500 1.6329e-01 1.3917e-01 1.8680e-01 1.3955e-01 1.8500e-01 1.5903e-01 1.7233e-01
 138.5000 1.6108e-01 1.3728e-01 1.8428e-01 1.3765e-01 1.8250e-01 1.5687e-01 1.6999e-01
 138.7500 1.5890e-01 1.3541e-01 1.8179e-01 1.3579e-01 1.8003e-01 1.5473e-01 1.6769e-01
 139.0000 1.5676e-01 1.3358e-01 1.7933e-01 1.3395e-01 1.7760e-01 1.5263e-01 1.6543e-01
 139.2500 1.5465e-01 1.3177e-01 1.7692e-01 1.3214e-01 1.7521e-01 1.5056e-01 1.6320e-01
 139.5000 1.5256e-01 1.2999e-01 1.7454e-01 1.3035e-01 1.7286e-01 1.4852e-01 1.6100e-01
 139.7500 1.5051e-01 1.2823e-01 1.7220e-01 1.2860e-01 1.7054e-01 1.4651e-01 1.5883e-01
 140.0000 1.4849e-01 1.2651e-01 1.6989e-01 1.2687e-01 1.6825e-01 1.4453e-01 1.5670e-01
 140.2500 1.4650e-01 1.2480e-01 1.6761e-01 1.2516e-01 1.6600e-01 1.4258e-01 1.5459e-01
 140.5000 1.4454e-01 1.2313e-01 1.6537e-01 1.2348e-01 1.6378e-01 1.4066e-01 1.5252e-01
 140.7500 1.4260e-01 1.2147e-01 1.6316e-01 1.2183e-01 1.6159e-01 1.3877e-01 1.5048e-01
 141.0000 1.4070e-01 1.1985e-01 1.6098e-01 1.2019e-01 1.5944e-01 1.3690e-01 1.4847e-01
 141.2500 1.3882e-01 1.1824e-01 1.5884e-01 1.1859e-01 1.5731e-01 1.3506e-01 1.4648e-01
 141.5000 1.3698e-01 1.1666e-01 1.5672e-01 1.1700e-01 1.5522e-01 1.3325e-01 1.4453e-01
 141.7500 1.3515e-01 1.1510e-01 1.5464e-01 1.1544e-01 1.5316e-01 1.3147e-01 1.4260e-01
 142.0000 1.3336e-01 1.1357e-01 1.5259e-01 1.1391e-01 1.5113e-01 1.2971e-01 1.4071e-01
 142.2500 1.3159e-01 1.1205e-01 1.5057e-01 1.1239e-01 1.4913e-01 1.2798e-01 1.3884e-01
 142.5000 1.2984e-01 1.1057e-01 1.4857e-01 1.1090e-01 1.4716e-01 1.2627e-01 1.3699e-01
 142.7500 1.2813e-01 1.0910e-01 1.4661e-01 1.0943e-01 1.4521e-01 1.2459e-01 1.3518e-01
 143.0000 1.2643e-01 1.0765e-01 1.4467e-01 1.0798e-01 1.4330e-01 1.2293e-01 1.3339e-01
 143.2500 1.2477e-01 1.0622e-01 1.4277e-01 1.0655e-01 1.4141e-01 1.2130e-01 1.3162e-01
 143.5000 1.2312e-01 1.0482e-01 1.4089e-01 1.0514e-01 1.3955e-01 1.1969e-01 1.2989e-01
 143.7500 1.2150e-01 1.0343e-01 1.3903e-01 1.0376e-01 1.3771e-01 1.1811e-01 1.2817e-01
 144.0000 1.1990e-01 1.0207e-01 1.3721e-01 1.0239e-01 1.3591e-01 1.1654e-01 1.2649e-01
 144.2500 1.1833e-01 1.0072e-01 1.3541e-01 1.0104e-01 1.3412e-01 1.1500e-01 1.2482e-01
 144.5000 1.1678e-01 9.9398e-02 1.3363e-01 9.9713e-02 1.3237e-01 1.1349e-01 1.2318e-01
 144.7500 1.1525e-01 9.8092e-02 1.3188e-01 9.8405e-02 1.3064e-01 1.1199e-01 1.2157e-01
 145.0000 1.1374e-01 9.6804e-02 1.3016e-01 9.7115e-02 1.2893e-01 1.1051e-01 1.1997e-01
 145.2500 1.1226e-01 9.5535e-02 1.2846e-01 9.5843e-02 1.2725e-01 1.0906e-01 1.1840e-01
 145.5000 1.1079e-01 9.4284e-02 1.2679e-01 9.4590e-02 1.2560e-01 1.0763e-01 1.1685e-01
 145.7500 1.0935e-01 9.3050e-02 1.2514e-01 9.3355e-02 1.2396e-01 1.0622e-01 1.1532e-01
 146.0000 1.0793e-01 9.1835e-02 1.2351e-01 9.2137e-02 1.2235e-01 1.0483e-01 1.1382e-01
 146.2500 1.0652e-01 9.0637e-02 1.2191e-01 9.0937e-02 1.2076e-01 1.0346e-01 1.1234e-01
 146.5000 1.0514e-01 8.9456e-02 1.2032e-01 8.9753e-02 1.1920e-01 1.0210e-01 1.1088e-01
 146.7500 1.0378e-01 8.8292e-02 1.1876e-01 8.8587e-02 1.1766e-01 1.0077e-01 1.0943e-01
 147.0000 1.0244e-01 8.7144e-02 1.1723e-01 8.7437e-02 1.1614e-01 9.9457e-02 1.0801e-01
 147.2500 1.0111e-01 8.6013e-02 1.1571e-01 8.6304e-02 1.1464e-01 9.8162e-02 1.0661e-01
 147.5000 9.9805e-02 8.4897e-02 1.1422e-01 8.5186e-02 1.1316e-01 9.6886e-02 1.0523e-01
 147.7500 9.8517e-02 8.3798e-02 1.1275e-01 8.4084e-02 1.1170e-01 9.5628e-02 1.0387e-01
 148.0000 9.7248e-02 8.2714e-02 1.1129e-01 8.2998e-02 1.1027e-01 9.4388e-02 1.0253e-01
 148.2500 9.5996e-02 8.1645e-02 1.0986e-01 8.1927e-02 1.0885e-01 9.3165e-02 1.0120e-01
 148.5000 9.4762e-02 8.0591e-02 1.0845e-01 8.0871e-02 1.0745e-01 9.1960e-02 9.9896e-02
 148.7500 9.3545e-02 7.9552e-02 1.0706e-01 7.9830e-02 1.0607e-01 9.0771e-02 9.8608e-02
 149.0000 9.2345e-02 7.8528e-02 1.0569e-01 7.8803e-02 1.0472e-01 8.9600e-02 9.7339e-02
 149.2500 9.1162e-02 7.7518e-02 1.0433e-01 7.7791e-02 1.0338e-01 8.8445e-02 9.6088e-02
 149.5000 8.9995e-02 7.6522e-02 1.0300e-01 7.6793e-02 1.0206e-01 8.7306e-02 9.4853e-02
 149.7500 8.8845e-02 7.5540e-02 1.0168e-01 7.5809e-02 1.0075e-01 8.6183e-02 9.3636e-02
 150.0000 8.7710e-02 7.4571e-02 1.0038e-01 7.4838e-02 9.9469e-02 8.5076e-02 9.2436e-02
 150.2500 8.6591e-02 7.3616e-02 9.9103e-02 7.3881e-02 9.8202e-02 8.3984e-02 9.1253e-02
 150.5000 8.5488e-02 7.2675e-02 9.7841e-02 7.2937e-02 9.6953e-02 8.2908e-02 9.0085e-02
 150.7500 8.4400e-02 7.1746e-02 9.6596e-02 7.2006e-02 9.5722e-02 8.1846e-02 8.8934e-02
 151.0000 8.3326e-02 7.0830e-02 9.5368e-02 7.1088e-02 9.4507e-02 8.0800e-02 8.7799e-02
 151.2500 8.2268e-02 6.9927e-02 9.4157e-02 7.0183e-02 9.3309e-02 7.9768e-02 8.6680e-02
 151.5000 8.1224e-02 6.9036e-02 9.2963e-02 6.9290e-02 9.2127e-02 7.8750e-02 8.5575e-02
 151.7500 8.0194e-02 6.8158e-02 9.1785e-02 6.8409e-02 9.0961e-02 7.7747e-02 8.4486e-02
 152.0000 7.9178e-02 6.7292e-02 9.0623e-02 6.7541e-02 8.9812e-02 7.6757e-02 8.3412e-02
 152.2500 7.8177e-02 6.6437e-02 8.9478e-02 6.6684e-02 8.8678e-02 7.5781e-02 8.2352e-02
 152.5000 7.7189e-02 6.5594e-02 8.8347e-02 6.5839e-02 8.7559e-02 7.4819e-02 8.1308e-02
 152.7500 7.6214e-02 6.4763e-02 8.7233e-02 6.5006e-02 8.6456e-02 7.3870e-02 8.0277e-02
 153.0000 7.5253e-02 6.3944e-02 8.6133e-02 6.4184e-02 8.5368e-02 7.2934e-02 7.9261e-02
 153.2500 7.4305e-02 6.3135e-02 8.5049e-02 6.3373e-02 8.4295e-02 7.2011e-02 7.8258e-02
 153.5000 7.3370e-02 6.2338e-02 8.3979e-02 6.2574e-02 8.3237e-02 7.1101e-02 7.7270e-02
 153.7500 7.2448e-02 6.1551e-02 8.2924e-02 6.1785e-02 8.2193e-02 7.0204e-02 7.6294e-02
 154.0000 7.1538e-02 6.0776e-02 8.1883e-02 6.1007e-02 8.1163e-02 6.9318e-02 7.5332e-02
 154.2500 7.0641e-02 6.0010e-02 8.0857e-02 6.0240e-02 8.0147e-02 6.8445e-02 7.4384e-02
 154.5000 6.9756e-02 5.9256e-02 7.9844e-02 5.9483e-02 7.9145e-02 6.7584e-02 7.3448e-02
 154.7500 6.8882e-02 5.8512e-02 7.8846e-02 5.8736e-02 7.8156e-02 6.6735e-02 7.2525e-02
 155.0000 6.8021e-02 5.7777e-02 7.7860e-02 5.8000e-02 7.7181e-02 6.5897e-02 7.1614e-02
 155.2500 6.7171e-02 5.7053e-02 7.6889e-02 5.7273e-02 7.6219e-02 6.5071e-02 7.0716e-02
 155.5000 6.6333e-02 5.6339e-02 7.5930e-02 5.6557e-02 7.5270e-02 6.4256e-02 6.9830e-02
 155.7500 6.5507e-02 5.5634e-02 7.4984e-02 5.5850e-02 7.4334e-02 6.3453e-02 6.8956e-02
 156.0000 6.4691e-02 5.4939e-02 7.4051e-02 5.5153e-02 7.3411e-02 6.2660e-02 6.8094e-02
 156.2500 6.3886e-02 5.4253e-02 7.3131e-02 5.4465e-02 7.2499e-02 6.1878e-02 6.7244e-02
 156.5000 6.3093e-02 5.3577e-02 7.2223e-02 5.3786e-02 7.1601e-02 6.1107e-02 6.6405e-02
 156.7500 6.2309e-02 5.2909e-02 7.1327e-02 5.3117e-02 7.0714e-02 6.0346e-02 6.5577e-02
 157.0000 6.1537e-02 5.2251e-02 7.0443e-02 5.2456e-02 6.9839e-02 5.9596e-02 6.4761e-02
 157.2500 6.0775e-02 5.1602e-02 6.9571e-02 5.1805e-02 6.8976e-02 5.8856e-02 6.3955e-02
 157.5000 6.0023e-02 5.0961e-02 6.8711e-02 5.1162e-02 6.8125e-02 5.8125e-02 6.3161e-02
 157.7500 5.9281e-02 5.0329e-02 6.7863e-02 5.0528e-02 6.7285e-02 5.7405e-02 6.2377e-02
 158.0000 5.8549e-02 4.9706e-02 6.7025e-02 4.9902e-02 6.6456e-02 5.6695e-02 6.1603e-02
 158.2500 5.7827e-02 4.9091e-02 6.6199e-02 4.9285e-02 6.5638e-02 5.5994e-02 6.0841e-02
 158.5000 5.7114e-02 4.8484e-02 6.5385e-02 4.8676e-02 6.4832e-02 5.5302e-02 6.0088e-02
 158.7500 5.6412e-02 4.7885e-02 6.4580e-02 4.8075e-02 6.4035e-02 5.4621e-02 5.9345e-02
 159.0000 5.5718e-02 4.7294e-02 6.3787e-02 4.7483e-02 6.3250e-02 5.3948e-02 5.8613e-02
 159.2500 5.5034e-02 4.6712e-02 6.3004e-02 4.6898e-02 6.2475e-02 5.3284e-02 5.7890e-02
 159.5000 5.4358e-02 4.6137e-02 6.2232e-02 4.6321e-02 6.1710e-02 5.2629e-02 5.7176e-02
 159.7500 5.3692e-02 4.5569e-02 6.1470e-02 4.5751e-02 6.0956e-02 5.1983e-02 5.6473e-02
 160.0000 5.3035e-02 4.5010e-02 6.0718e-02 4.5189e-02 6.0211e-02 5.1345e-02 5.5778e-02
 160.2500 5.2386e-02 4.4457e-02 5.9976e-02 4.4635e-02 5.9477e-02 5.0716e-02 5.5093e-02
 160.5000 5.1746e-02 4.3912e-02 5.9244e-02 4.4088e-02 5.8752e-02 5.0096e-02 5.4417e-02
 160.7500 5.1114e-02 4.3375e-02 5.8521e-02 4.3548e-02 5.8036e-02 4.9484e-02 5.3750e-02
 161.0000 5.0491e-02 4.2844e-02 5.7808e-02 4.3016e-02 5.7330e-02 4.8880e-02 5.3092e-02
 161.2500 4.9876e-02 4.2321e-02 5.7105e-02 4.2490e-02 5.6634e-02 4.8284e-02 5.2443e-02
 161.5000 4.9269e-02 4.1804e-02 5.6411e-02 4.1972e-02 5.5946e-02 4.7696e-02 5.1802e-02
 161.7500 4.8670e-02 4.1294e-02 5.5725e-02 4.1460e-02 5.5268e-02 4.7116e-02 5.1170e-02
 162.0000 4.8079e-02 4.0791e-02 5.5049e-02 4.0955e-02 5.4599e-02 4.6543e-02 5.0546e-02
 162.2500 4.7496e-02 4.0295e-02 5.4382e-02 4.0457e-02 5.3938e-02 4.5978e-02 4.9930e-02
 162.5000 4.6920e-02 3.9805e-02 5.3724e-02 3.9965e-02 5.3286e-02 4.5421e-02 4.9323e-02
 162.7500 4.6352e-02 3.9322e-02 5.3074e-02 3.9480e-02 5.2642e-02 4.4871e-02 4.8723e-02
 163.0000 4.5792e-02 3.8845e-02 5.2433e-02 3.9001e-02 5.2007e-02 4.4328e-02 4.8131e-02
 163.2500 4.5239e-02 3.8374e-02 5.1800e-02 3.8528e-02 5.1381e-02 4.3793e-02 4.7547e-02
 163.5000 4.4693e-02 3.7910e-02 5.1176e-02 3.8062e-02 5.0762e-02 4.3264e-02 4.6971e-02
 163.7500 4.4154e-02 3.7451e-02 5.0559e-02 3.7602e-02 5.0152e-02 4.2743e-02 4.6403e-02
 164.0000 4.3622e-02 3.6999e-02 4.9951e-02 3.7147e-02 4.9549e-02 4.2228e-02 4.5841e-02
 164.2500 4.3097e-02 3.6552e-02 4.9351e-02 3.6699e-02 4.8955e-02 4.1720e-02 4.5288e-02
 164.5000 4.2579e-02 3.6112e-02 4.8758e-02 3.6256e-02 4.8368e-02 4.1219e-02 4.4741e-02
 164.7500 4.2068e-02 3.5677e-02 4.8173e-02 3.5820e-02 4.7788e-02 4.0724e-02 4.4201e-02
 165.0000 4.1563e-02 3.5248e-02 4.7596e-02 3.5389e-02 4.7217e-02 4.0236e-02 4.3669e-02
 165.2500 4.1065e-02 3.4824e-02 4.7026e-02 3.4963e-02 4.6652e-02 3.9755e-02 4.3144e-02
 165.5000 4.0574e-02 3.4406e-02 4.6464e-02 3.4543e-02 4.6095e-02 3.9279e-02 4.2625e-02
 165.7500 4.0088e-02 3.3993e-02 4.5909e-02 3.4129e-02 4.5546e-02 3.8810e-02 4.2113e-02
 166.0000 3.9609e-02 3.3586e-02 4.5361e-02 3.3720e-02 4.5003e-02 3.8347e-02 4.1608e-02
 166.2500 3.9137e-02 3.3184e-02 4.4820e-02 3.3316e-02 4.4467e-02 3.7890e-02 4.1109e-02
 166.5000 3.8670e-02 3.2787e-02 4.4287e-02 3.2918e-02 4.3938e-02 3.7439e-02 4.0617e-02
 166.7500 3.8209e-02 3.2396e-02 4.3760e-02 3.2524e-02 4.3416e-02 3.6993e-02 4.0131e-02
 167.0000 3.7755e-02 3.2009e-02 4.3240e-02 3.2136e-02 4.2901e-02 3.6554e-02 3.9652e-02
 167.2500 3.7306e-02 3.1627e-02 4.2726e-02 3.1753e-02 4.2392e-02 3.6120e-02 3.9179e-02
 167.5000 3.6863e-02 3.1251e-02 4.2219e-02 3.1374e-02 4.1890e-02 3.5692e-02 3.8711e-02
 167.7500 3.6425e-02 3.0879e-02 4.1719e-02 3.1001e-02 4.1395e-02 3.5270e-02 3.8250e-02
 168.0000 3.5993e-02 3.0512e-02 4.1225e-02 3.0632e-02 4.0905e-02 3.4852e-02 3.7795e-02
 168.2500 3.5567e-02 3.0150e-02 4.0738e-02 3.0268e-02 4.0422e-02 3.4441e-02 3.7346e-02
 168.5000 3.5146e-02 2.9792e-02 4.0256e-02 2.9909e-02 3.9945e-02 3.4034e-02 3.6902e-02
 168.7500 3.4731e-02 2.9439e-02 3.9781e-02 2.9554e-02 3.9475e-02 3.3633e-02 3.6464e-02
 169.0000 3.4321e-02 2.9091e-02 3.9312e-02 2.9204e-02 3.9010e-02 3.3237e-02 3.6032e-02
 169.2500 3.3916e-02 2.8747e-02 3.8849e-02 2.8859e-02 3.8551e-02 3.2846e-02 3.5605e-02
 169.5000 3.3516e-02 2.8407e-02 3.8392e-02 2.8517e-02 3.8098e-02 3.2460e-02 3.5184e-02
 169.7500 3.3122e-02 2.8072e-02 3.7940e-02 2.8181e-02 3.7650e-02 3.2079e-02 3.4768e-02
 170.0000 3.2732e-02 2.7741e-02 3.7495e-02 2.7848e-02 3.7209e-02 3.1703e-02 3.4358e-02
 170.2500 3.2347e-02 2.7414e-02 3.7055e-02 2.7520e-02 3.6773e-02 3.1331e-02 3.3953e-02
 170.5000 3.1968e-02 2.7091e-02 3.6621e-02 2.7196e-02 3.6342e-02 3.0965e-02 3.3553e-02
 170.7500 3.1593e-02 2.6773e-02 3.6192e-02 2.6876e-02 3.5917e-02 3.0603e-02 3.3158e-02
 171.0000 3.1223e-02 2.6458e-02 3.5768e-02 2.6559e-02 3.5498e-02 3.0245e-02 3.2768e-02
 171.2500 3.0857e-02 2.6148e-02 3.5350e-02 2.6247e-02 3.5083e-02 2.9893e-02 3.2383e-02
 171.5000 3.0496e-02 2.5841e-02 3.4937e-02 2.5940e-02 3.4674e-02 2.9544e-02 3.2003e-02
 171.7500 3.0140e-02 2.5539e-02 3.4530e-02 2.5635e-02 3.4270e-02 2.9200e-02 3.1627e-02
 172.0000 2.9788e-02 2.5240e-02 3.4127e-02 2.5335e-02 3.3871e-02 2.8861e-02 3.1257e-02
 172.2500 2.9440e-02 2.4945e-02 3.3730e-02 2.5039e-02 3.3477e-02 2.8526e-02 3.0891e-02
 172.5000 2.9097e-02 2.4653e-02 3.3338e-02 2.4746e-02 3.3088e-02 2.8195e-02 3.0530e-02
 172.7500 2.8759e-02 2.4366e-02 3.2950e-02 2.4457e-02 3.2704e-02 2.7868e-02 3.0173e-02
 173.0000 2.8424e-02 2.4081e-02 3.2567e-02 2.4171e-02 3.2325e-02 2.7545e-02 2.9821e-02
 173.2500 2.8094e-02 2.3801e-02 3.2190e-02 2.3890e-02 3.1950e-02 2.7226e-02 2.9473e-02
 173.5000 2.7768e-02 2.3524e-02 3.1816e-02 2.3611e-02 3.1580e-02 2.6912e-02 2.9130e-02
 173.7500 2.7446e-02 2.3251e-02 3.1448e-02 2.3336e-02 3.1215e-02 2.6601e-02 2.8791e-02
 174.0000 2.7127e-02 2.2980e-02 3.1084e-02 2.3065e-02 3.0855e-02 2.6294e-02 2.8456e-02
 174.2500 2.6813e-02 2.2714e-02 3.0725e-02 2.2797e-02 3.0498e-02 2.5991e-02 2.8125e-02
 174.5000 2.6503e-02 2.2450e-02 3.0370e-02 2.2533e-02 3.0147e-02 2.5692e-02 2.7799e-02
 174.7500 2.6197e-02 2.2190e-02 3.0020e-02 2.2271e-02 2.9799e-02 2.5396e-02 2.7477e-02
 175.0000 2.5894e-02 2.1934e-02 2.9674e-02 2.2013e-02 2.9456e-02 2.5104e-02 2.7158e-02
 175.2500 2.5595e-02 2.1680e-02 2.9332e-02 2.1758e-02 2.9117e-02 2.4816e-02 2.6844e-02
 175.5000 2.5300e-02 2.1429e-02 2.8994e-02 2.1507e-02 2.8782e-02 2.4532e-02 2.6534e-02
 175.7500 2.5009e-02 2.1182e-02 2.8661e-02 2.1258e-02 2.8452e-02 2.4251e-02 2.6227e-02
 176.0000 2.4721e-02 2.0938e-02 2.8332e-02 2.1012e-02 2.8126e-02 2.3973e-02 2.5924e-02
 176.2500 2.4437e-02 2.0696e-02 2.8007e-02 2.0770e-02 2.7803e-02 2.3699e-02 2.5625e-02
 176.5000 2.4156e-02 2.0458e-02 2.7686e-02 2.0531e-02 2.7485e-02 2.3428e-02 2.5330e-02
 176.7500 2.3879e-02 2.0223e-02 2.7368e-02 2.0294e-02 2.7170e-02 2.3161e-02 2.5039e-02
 177.0000 2.3605e-02 1.9990e-02 2.7055e-02 2.0060e-02 2.6859e-02 2.2896e-02 2.4751e-02
 177.2500 2.3334e-02 1.9761e-02 2.6746e-02 1.9830e-02 2.6552e-02 2.2635e-02 2.4466e-02
 177.5000 2.3067e-02 1.9534e-02 2.6440e-02 1.9602e-02 2.6249e-02 2.2378e-02 2.4185e-02
 177.7500 2.2803e-02 1.9310e-02 2.6138e-02 1.9377e-02 2.5950e-02 2.2123e-02 2.3908e-02
 178.0000 2.2542e-02 1.9089e-02 2.5840e-02 1.9155e-02 2.5654e-02 2.1872e-02 2.3634e-02
 178.2500 2.2285e-02 1.8870e-02 2.5546e-02 1.8935e-02 2.5362e-02 2.1624e-02 2.3363e-02
 178.5000 2.2031e-02 1.8654e-02 2.5255e-02 1.8718e-02 2.5073e-02 2.1378e-02 2.3096e-02
 178.7500 2.1779e-02 1.8441e-02 2.4967e-02 1.8504e-02 2.4788e-02 2.1136e-02 2.2832e-02
 179.0000 2.1531e-02 1.8231e-02 2.4683e-02 1.8292e-02 2.4507e-02 2.0896e-02 2.2571e-02
 179.2500 2.1286e-02 1.8023e-02 2.4403e-02 1.8083e-02 2.4229e-02 2.0660e-02 2.2314e-02
 179.5000 2.1044e-02 1.7817e-02 2.4126e-02 1.7877e-02 2.3954e-02 2.0426e-02 2.2059e-02
 179.7500 2.0804e-02 1.7614e-02 2.3852e-02 1.7673e-02 2.3682e-02 2.0196e-02 2.1808e-02
 180.0000 2.0568e-02 1.7414e-02 2.3582e-02 1.7471e-02 2.3414e-02 1.9968e-02 2.1559e-02
 180.2500 2.0334e-02 1.7216e-02 2.3315e-02 1.7272e-02 2.3149e-02 1.9742e-02 2.1314e-02
 180.5000 2.0104e-02 1.7020e-02 2.3051e-02 1.7076e-02 2.2887e-02 1.9520e-02 2.1072e-02
 180.7500 1.9876e-02 1.6827e-02 2.2790e-02 1.6882e-02 2.2629e-02 1.9300e-02 2.0833e-02
 181.0000 1.9651e-02 1.6636e-02 2.2533e-02 1.6690e-02 2.2373e-02 1.9083e-02 2.0596e-02
 181.2500 1.9428e-02 1.6447e-02 2.2278e-02 1.6500e-02 2.2121e-02 1.8868e-02 2.0363e-02
 181.5000 1.9208e-02 1.6260e-02 2.2027e-02 1.6313e-02 2.1871e-02 1.8656e-02 2.0132e-02
 181.7500 1.8991e-02 1.6076e-02 2.1779e-02 1.6128e-02 2.1625e-02 1.8447e-02 1.9904e-02
 182.0000 1.8777e-02 1.5894e-02 2.1533e-02 1.5945e-02 2.1381e-02 1.8240e-02 1.9679e-02
 182.2500 1.8565e-02 1.5715e-02 2.1291e-02 1.5764e-02 2.1141e-02 1.8035e-02 1.9457e-02
 182.5000 1.8356e-02 1.5537e-02 2.1051e-02 1.5586e-02 2.0903e-02 1.7833e-02 1.9237e-02
 182.7500 1.8149e-02 1.5361e-02 2.0814e-02 1.5409e-02 2.0668e-02 1.7633e-02 1.9020e-02
 183.0000 1.7944e-02 1.5188e-02 2.0581e-02 1.5235e-02 2.0436e-02 1.7436e-02 1.8805e-02
 183.2500 1.7742e-02 1.5017e-02 2.0350e-02 1.5063e-02 2.0207e-02 1.7241e-02 1.8593e-02
 183.5000 1.7542e-02 1.4847e-02 2.0121e-02 1.4893e-02 1.9980e-02 1.7048e-02 1.8384e-02
 183.7500 1.7345e-02 1.4680e-02 1.9896e-02 1.4725e-02 1.9756e-02 1.6858e-02 1.8177e-02
 184.0000 1.7150e-02 1.4515e-02 1.9673e-02 1.4559e-02 1.9535e-02 1.6670e-02 1.7973e-02
 184.2500 1.6958e-02 1.4352e-02 1.9452e-02 1.4395e-02 1.9316e-02 1.6484e-02 1.7771e-02
 184.5000 1.6767e-02 1.4190e-02 1.9235e-02 1.4233e-02 1.9100e-02 1.6300e-02 1.7571e-02
 184.7500 1.6579e-02 1.4031e-02 1.9020e-02 1.4073e-02 1.8887e-02 1.6118e-02 1.7374e-02
 185.0000 1.6393e-02 1.3873e-02 1.8807e-02 1.3914e-02 1.8676e-02 1.5939e-02 1.7179e-02
 185.2500 1.6210e-02 1.3717e-02 1.8597e-02 1.3758e-02 1.8467e-02 1.5762e-02 1.6987e-02
 185.5000 1.6028e-02 1.3563e-02 1.8389e-02 1.3603e-02 1.8261e-02 1.5586e-02 1.6796e-02
 185.7500 1.5849e-02 1.3411e-02 1.8184e-02 1.3451e-02 1.8057e-02 1.5413e-02 1.6609e-02
 186.0000 1.5672e-02 1.3261e-02 1.7982e-02 1.3300e-02 1.7856e-02 1.5242e-02 1.6423e-02
 186.2500 1.5497e-02 1.3113e-02 1.7781e-02 1.3151e-02 1.7657e-02 1.5072e-02 1.6239e-02
 186.5000 1.5324e-02 1.2966e-02 1.7583e-02 1.3003e-02 1.7461e-02 1.4905e-02 1.6058e-02
 186.7500 1.5152e-02 1.2821e-02 1.7388e-02 1.2858e-02 1.7266e-02 1.4740e-02 1.5879e-02
 187.0000 1.4983e-02 1.2677e-02 1.7194e-02 1.2714e-02 1.7074e-02 1.4576e-02 1.5702e-02
 187.2500 1.4816e-02 1.2536e-02 1.7003e-02 1.2571e-02 1.6885e-02 1.4415e-02 1.5527e-02
 187.5000 1.4651e-02 1.2396e-02 1.6814e-02 1.2431e-02 1.6697e-02 1.4255e-02 1.5354e-02
 187.7500 1.4488e-02 1.2257e-02 1.6628e-02 1.2292e-02 1.6512e-02 1.4098e-02 1.5183e-02
 188.0000 1.4327e-02 1.2121e-02 1.6443e-02 1.2155e-02 1.6329e-02 1.3942e-02 1.5014e-02
 188.2500 1.4168e-02 1.1986e-02 1.6261e-02 1.2019e-02 1.6148e-02 1.3788e-02 1.4847e-02
 188.5000 1.4010e-02 1.1852e-02 1.6081e-02 1.1885e-02 1.5969e-02 1.3635e-02 1.4682e-02
 188.7500 1.3855e-02 1.1720e-02 1.5903e-02 1.1753e-02 1.5792e-02 1.3485e-02 1.4519e-02
 189.0000 1.3701e-02 1.1590e-02 1.5727e-02 1.1622e-02 1.5617e-02 1.3336e-02 1.4358e-02
 189.2500 1.3549e-02 1.1461e-02 1.5553e-02 1.1492e-02 1.5445e-02 1.3189e-02 1.4199e-02
 189.5000 1.3399e-02 1.1334e-02 1.5381e-02 1.1364e-02 1.5274e-02 1.3044e-02 1.4042e-02
 189.7500 1.3250e-02 1.1208e-02 1.5212e-02 1.1238e-02 1.5105e-02 1.2900e-02 1.3887e-02
 190.0000 1.3103e-02 1.1083e-02 1.5044e-02 1.1113e-02 1.4939e-02 1.2758e-02 1.3733e-02
 190.2500 1.2958e-02 1.0960e-02 1.4878e-02 1.0990e-02 1.4774e-02 1.2618e-02 1.3581e-02
 190.5000 1.2815e-02 1.0839e-02 1.4714e-02 1.0868e-02 1.4611e-02 1.2479e-02 1.3432e-02
 190.7500 1.2673e-02 1.0719e-02 1.4552e-02 1.0747e-02 1.4450e-02 1.2342e-02 1.3283e-02
 191.0000 1.2533e-02 1.0600e-02 1.4392e-02 1.0628e-02 1.4291e-02 1.2206e-02 1.3137e-02
 191.2500 1.2395e-02 1.0483e-02 1.4234e-02 1.0510e-02 1.4134e-02 1.2072e-02 1.2992e-02
 191.5000 1.2258e-02 1.0367e-02 1.4077e-02 1.0394e-02 1.3979e-02 1.1940e-02 1.2849e-02
 191.7500 1.2123e-02 1.0252e-02 1.3923e-02 1.0279e-02 1.3825e-02 1.1809e-02 1.2708e-02
 192.0000 1.1990e-02 1.0139e-02 1.3770e-02 1.0165e-02 1.3673e-02 1.1680e-02 1.2568e-02
 192.2500 1.1858e-02 1.0027e-02 1.3619e-02 1.0053e-02 1.3523e-02 1.1552e-02 1.2430e-02
 192.5000 1.1727e-02 9.9166e-03 1.3470e-02 9.9419e-03 1.3375e-02 1.1425e-02 1.2293e-02
 192.7500 1.1598e-02 9.8073e-03 1.3322e-02 9.8322e-03 1.3229e-02 1.1300e-02 1.2159e-02
 193.0000 1.1471e-02 9.6992e-03 1.3176e-02 9.7237e-03 1.3084e-02 1.1177e-02 1.2025e-02
 193.2500 1.1345e-02 9.5924e-03 1.3032e-02 9.6165e-03 1.2941e-02 1.1055e-02 1.1893e-02
 193.5000 1.1220e-02 9.4868e-03 1.2890e-02 9.5106e-03 1.2799e-02 1.0934e-02 1.1763e-02
 193.7500 1.1097e-02 9.3825e-03 1.2749e-02 9.4059e-03 1.2659e-02 1.0815e-02 1.1635e-02
 194.0000 1.0975e-02 9.2794e-03 1.2610e-02 9.3024e-03 1.2521e-02 1.0697e-02 1.1507e-02
 194.2500 1.0855e-02 9.1774e-03 1.2472e-02 9.2001e-03 1.2384e-02 1.0580e-02 1.1382e-02
 194.5000 1.0736e-02 9.0767e-03 1.2336e-02 9.0990e-03 1.2249e-02 1.0465e-02 1.1257e-02
 194.7500 1.0619e-02 8.9771e-03 1.2202e-02 8.9991e-03 1.2116e-02 1.0351e-02 1.1135e-02
 195.0000 1.0503e-02 8.8787e-03 1.2069e-02 8.9003e-03 1.1984e-02 1.0239e-02 1.1013e-02
 195.2500 1.0388e-02 8.7814e-03 1.1938e-02 8.8027e-03 1.1853e-02 1.0127e-02 1.0893e-02
 195.5000 1.0275e-02 8.6853e-03 1.1808e-02 8.7063e-03 1.1724e-02 1.0017e-02 1.0775e-02
 195.7500 1.0163e-02 8.5903e-03 1.1680e-02 8.6109e-03 1.1597e-02 9.9086e-03 1.0658e-02
 196.0000 1.0052e-02 8.4963e-03 1.1553e-02 8.5166e-03 1.1471e-02 9.8011e-03 1.0542e-02
 196.2500 9.9422e-03 8.4035e-03 1.1428e-02 8.4235e-03 1.1346e-02 9.6948e-03 1.0427e-02
 196.5000 9.8339e-03 8.3117e-03 1.1304e-02 8.3314e-03 1.1223e-02 9.5897e-03 1.0314e-02
 196.7500 9.7269e-03 8.2210e-03 1.1181e-02 8.2404e-03 1.1102e-02 9.4859e-03 1.0202e-02
 197.0000 9.6211e-03 8.1313e-03 1.1060e-02 8.1504e-03 1.0981e-02 9.3832e-03 1.0092e-02
 197.2500 9.5165e-03 8.0426e-03 1.0941e-02 8.0615e-03 1.0862e-02 9.2817e-03 9.9823e-03
 197.5000 9.4131e-03 7.9550e-03 1.0822e-02 7.9736e-03 1.0745e-02 9.1813e-03 9.8742e-03
 197.7500 9.3110e-03 7.8684e-03 1.0705e-02 7.8867e-03 1.0629e-02 9.0822e-03 9.7675e-03
 198.0000 9.2099e-03 7.7828e-03 1.0590e-02 7.8008e-03 1.0514e-02 8.9841e-03 9.6619e-03
 198.2500 9.1101e-03 7.6982e-03 1.0476e-02 7.7159e-03 1.0400e-02 8.8871e-03 9.5576e-03
 198.5000 9.0114e-03 7.6146e-03 1.0363e-02 7.6320e-03 1.0288e-02 8.7913e-03 9.4544e-03
 198.7500 8.9138e-03 7.5319e-03 1.0251e-02 7.5491e-03 1.0177e-02 8.6966e-03 9.3525e-03
 199.0000 8.8174e-03 7.4501e-03 1.0141e-02 7.4671e-03 1.0067e-02 8.6029e-03 9.2517e-03
 199.2500 8.7221e-03 7.3693e-03 1.0032e-02 7.3860e-03 9.9589e-03 8.5103e-03 9.1521e-03
 199.5000 8.6278e-03 7.2895e-03 9.9237e-03 7.3059e-03 9.8517e-03 8.4187e-03 9.0536e-03
 199.7500 8.5347e-03 7.2105e-03 9.8171e-03 7.2267e-03 9.7458e-03 8.3282e-03 8.9563e-03
 200.0000 8.4426e-03 7.1325e-03 9.7117e-03 7.1485e-03 9.6410e-03 8.2387e-03 8.8601e-03
