   0.0000 0.0000e+00 0.0000e+00 0.0000e+00 0.0000e+00 0.0000e+00 0.0000e+00 0.0000e+00
   0.2500 2.5517e+08 1.2621e+08 9.2732e+08 1.3069e+08 9.2732e+08 2.2148e+08 2.5517e+08
   0.5000 4.3070e+08 2.1959e+08 1.2617e+09 2.2966e+08 1.2616e+09 3.6626e+08 4.4000e+08
   0.7500 5.5984e+08 2.2006e+08 1.5124e+09 2.3939e+08 1.5069e+09 4.4688e+08 6.6205e+08
   1.0000 6.2933e+08 1.7929e+08 1.6137e+09 2.0437e+08 1.5962e+09 4.8120e+08 8.1400e+08
   1.2500 6.3129e+08 1.4462e+08 1.5494e+09 1.7086e+08 1.5230e+09 4.7365e+08 8.4975e+08
   1.5000 5.8159e+08 1.2071e+08 1.3680e+09 1.4447e+08 1.3395e+09 4.3551e+08 7.9126e+08
   1.7500 5.0552e+08 1.0968e+08 1.1411e+09 1.2967e+08 1.1151e+09 3.8132e+08 6.8541e+08
   2.0000 4.2342e+08 1.1142e+08 9.1937e+08 1.2801e+08 8.9762e+08 3.2304e+08 5.6868e+08
   2.2500 3.4688e+08 1.1328e+08 7.2662e+08 1.2700e+08 7.0922e+08 2.6800e+08 4.6053e+08
   2.5000 2.8073e+08 1.0784e+08 5.6905e+08 1.1899e+08 5.5543e+08 2.1962e+08 3.6830e+08
   2.7500 2.2591e+08 9.7170e+07 4.4441e+08 1.0609e+08 4.3386e+08 1.7883e+08 2.9300e+08
   3.0000 1.8150e+08 8.5422e+07 3.4743e+08 9.2528e+07 3.3927e+08 1.4524e+08 2.3289e+08
   3.2500 1.4593e+08 7.4013e+07 2.7250e+08 7.9690e+07 2.6618e+08 1.1792e+08 1.8542e+08
   3.5000 1.1757e+08 6.3470e+07 2.1460e+08 6.8016e+07 2.0968e+08 9.5863e+07 1.4805e+08
   3.7500 9.5024e+07 5.4130e+07 1.6976e+08 5.7787e+07 1.6591e+08 7.8120e+07 1.1868e+08
   4.0000 7.7098e+07 4.6020e+07 1.3505e+08 4.8970e+07 1.3204e+08 6.3882e+07 9.5526e+07
   4.2500 6.2823e+07 3.9066e+07 1.0807e+08 4.1452e+07 1.0571e+08 5.2448e+07 7.7242e+07
   4.5000 5.1435e+07 3.2972e+07 8.7005e+07 3.4885e+07 8.5152e+07 4.3251e+07 6.2766e+07
   4.7500 4.2331e+07 2.7483e+07 7.0477e+07 2.8978e+07 6.9015e+07 3.5838e+07 5.1286e+07
   5.0000 3.5017e+07 2.3006e+07 5.7433e+07 2.4181e+07 5.6273e+07 2.9836e+07 4.2136e+07
   5.2500 2.9109e+07 1.9340e+07 4.7074e+07 2.0268e+07 4.6149e+07 2.4952e+07 3.4801e+07
   5.5000 2.4313e+07 1.6326e+07 3.8800e+07 1.7064e+07 3.8059e+07 2.0960e+07 2.8889e+07
   5.7500 2.0404e+07 1.3837e+07 3.2154e+07 1.4427e+07 3.1556e+07 1.7684e+07 2.4105e+07
   6.0000 1.7201e+07 1.1774e+07 2.6786e+07 1.2248e+07 2.6301e+07 1.4983e+07 2.0211e+07
   6.2500 1.4562e+07 1.0055e+07 2.2426e+07 1.0438e+07 2.2030e+07 1.2744e+07 1.7023e+07
   6.5000 1.2377e+07 8.6179e+06 1.8867e+07 8.9283e+06 1.8544e+07 1.0881e+07 1.4399e+07
   6.7500 1.0560e+07 7.4112e+06 1.5945e+07 7.6641e+06 1.5680e+07 9.3235e+06 1.2229e+07
   7.0000 9.0435e+06 6.3950e+06 1.3529e+07 6.6019e+06 1.3310e+07 8.0172e+06 1.0428e+07
   7.2500 7.7728e+06 5.5358e+06 1.1523e+07 5.7058e+06 1.1341e+07 6.9173e+06 8.9260e+06
   7.5000 6.7034e+06 4.8066e+06 9.8506e+06 4.9469e+06 9.6991e+06 5.9875e+06 7.6683e+06
   7.7500 5.8002e+06 4.1857e+06 8.4530e+06 4.3019e+06 8.3261e+06 5.1988e+06 6.6108e+06
   8.0000 5.0346e+06 3.6551e+06 7.2809e+06 3.7516e+06 7.1744e+06 4.5276e+06 5.7182e+06
   8.2500 4.3832e+06 3.2005e+06 6.2933e+06 3.2810e+06 6.2035e+06 3.9542e+06 4.9620e+06
   8.5000 3.8272e+06 2.8099e+06 5.4564e+06 2.8773e+06 5.3804e+06 3.4630e+06 4.3190e+06
   8.7500 3.3509e+06 2.4734e+06 4.7451e+06 2.5300e+06 4.6805e+06 3.0407e+06 3.7703e+06
   9.0000 2.9418e+06 2.1825e+06 4.1386e+06 2.2303e+06 4.0835e+06 2.6767e+06 3.3006e+06
   9.2500 2.5893e+06 1.9304e+06 3.6199e+06 1.9708e+06 3.5728e+06 2.3621e+06 2.8974e+06
   9.5000 2.2848e+06 1.7114e+06 3.1752e+06 1.7457e+06 3.1347e+06 2.0895e+06 2.5502e+06
   9.7500 2.0211e+06 1.5206e+06 2.7927e+06 1.5497e+06 2.7578e+06 1.8528e+06 2.2505e+06
  10.0000 1.7920e+06 1.3539e+06 2.4627e+06 1.3788e+06 2.4326e+06 1.6464e+06 1.9908e+06
  10.2500 1.5922e+06 1.2079e+06 2.1769e+06 1.2292e+06 2.1508e+06 1.4660e+06 1.7650e+06
  10.5000 1.4177e+06 1.0798e+06 1.9287e+06 1.0981e+06 1.9060e+06 1.3080e+06 1.5683e+06
  10.7500 1.2649e+06 9.6715e+05 1.7126e+06 9.8291e+05 1.6928e+06 1.1694e+06 1.3965e+06
  11.0000 1.1309e+06 8.6784e+05 1.5241e+06 8.8145e+05 1.5068e+06 1.0474e+06 1.2461e+06
  11.2500 1.0131e+06 7.8014e+05 1.3592e+06 7.9191e+05 1.3440e+06 9.3994e+05 1.1143e+06
  11.5000 9.0930e+05 7.0252e+05 1.2146e+06 7.1275e+05 1.2013e+06 8.4509e+05 9.9844e+05
  11.7500 8.1774e+05 6.3372e+05 1.0876e+06 6.4262e+05 1.0759e+06 7.6121e+05 8.9646e+05
  12.0000 7.3678e+05 5.7260e+05 9.7579e+05 5.8036e+05 9.6541e+05 6.8689e+05 8.0646e+05
  12.2500 6.6490e+05 5.1817e+05 8.7706e+05 5.2497e+05 8.6786e+05 6.2078e+05 7.2671e+05
  12.5000 6.0096e+05 4.6963e+05 7.8971e+05 4.7558e+05 7.8154e+05 5.6187e+05 6.5590e+05
  12.7500 5.4399e+05 4.2626e+05 7.1228e+05 4.3149e+05 7.0501e+05 5.0930e+05 5.9292e+05
  13.0000 4.9316e+05 3.8745e+05 6.4350e+05 3.9205e+05 6.3702e+05 4.6230e+05 5.3680e+05
  13.2500 4.4772e+05 3.5267e+05 5.8229e+05 3.5673e+05 5.7651e+05 4.2024e+05 4.8674e+05
  13.5000 4.0706e+05 3.2146e+05 5.2774e+05 3.2505e+05 5.2257e+05 3.8253e+05 4.4200e+05
  13.7500 3.7061e+05 2.9341e+05 4.7902e+05 2.9659e+05 4.7438e+05 3.4868e+05 4.0196e+05
  14.0000 3.3790e+05 2.6816e+05 4.3543e+05 2.7099e+05 4.3127e+05 3.1826e+05 3.6608e+05
  14.2500 3.0850e+05 2.4542e+05 3.9639e+05 2.4793e+05 3.9264e+05 2.9088e+05 3.3388e+05
  14.5000 2.8205e+05 2.2489e+05 3.6134e+05 2.2713e+05 3.5796e+05 2.6621e+05 3.0495e+05
  14.7500 2.5819e+05 2.0632e+05 3.2984e+05 2.0832e+05 3.2678e+05 2.4392e+05 2.7889e+05
  15.0000 2.3663e+05 1.8948e+05 3.0147e+05 1.9128e+05 2.9870e+05 2.2376e+05 2.5536e+05
  15.2500 2.1712e+05 1.7421e+05 2.7589e+05 1.7582e+05 2.7338e+05 2.0550e+05 2.3410e+05
  15.5000 1.9945e+05 1.6033e+05 2.5279e+05 1.6178e+05 2.5052e+05 1.8893e+05 2.1486e+05
  15.7500 1.8342e+05 1.4771e+05 2.3190e+05 1.4901e+05 2.2984e+05 1.7388e+05 1.9743e+05
  16.0000 1.6885e+05 1.3623e+05 2.1299e+05 1.3739e+05 2.1111e+05 1.6021e+05 1.8161e+05
  16.2500 1.5561e+05 1.2576e+05 1.9584e+05 1.2681e+05 1.9412e+05 1.4776e+05 1.6724e+05
  16.5000 1.4355e+05 1.1621e+05 1.8027e+05 1.1716e+05 1.7870e+05 1.3641e+05 1.5418e+05
  16.7500 1.3256e+05 1.0748e+05 1.6612e+05 1.0834e+05 1.6468e+05 1.2606e+05 1.4228e+05
  17.0000 1.2254e+05 9.9513e+04 1.5323e+05 1.0029e+05 1.5192e+05 1.1660e+05 1.3143e+05
  17.2500 1.1338e+05 9.2221e+04 1.4149e+05 9.2927e+04 1.4029e+05 1.0796e+05 1.2153e+05
  17.5000 1.0501e+05 8.5545e+04 1.3078e+05 8.6186e+04 1.2967e+05 1.0005e+05 1.1248e+05
  17.7500 9.7345e+04 7.9424e+04 1.2099e+05 8.0008e+04 1.1997e+05 9.2808e+04 1.0421e+05
  18.0000 9.0319e+04 7.3802e+04 1.1205e+05 7.4334e+04 1.1111e+05 8.6161e+04 9.6636e+04
  18.2500 8.3873e+04 6.8633e+04 1.0385e+05 6.9118e+04 1.0299e+05 8.0058e+04 8.9689e+04
  18.5000 7.7952e+04 6.3877e+04 9.6349e+04 6.4320e+04 9.5551e+04 7.4448e+04 8.3313e+04
  18.7500 7.2509e+04 5.9496e+04 8.9465e+04 5.9901e+04 8.8727e+04 6.9286e+04 7.7456e+04
  19.0000 6.7500e+04 5.5458e+04 8.3144e+04 5.5829e+04 8.2462e+04 6.4533e+04 7.2070e+04
  19.2500 6.2887e+04 5.1732e+04 7.7334e+04 5.2072e+04 7.6703e+04 6.0152e+04 6.7112e+04
  19.5000 5.8634e+04 4.8292e+04 7.1989e+04 4.8604e+04 7.1404e+04 5.6111e+04 6.2545e+04
  19.7500 5.4710e+04 4.5113e+04 6.7067e+04 4.5400e+04 6.6524e+04 5.2380e+04 5.8333e+04
  20.0000 5.1086e+04 4.2173e+04 6.2531e+04 4.2437e+04 6.2026e+04 4.8932e+04 5.4446e+04
  20.2500 4.7737e+04 3.9452e+04 5.8345e+04 3.9695e+04 5.7876e+04 4.5744e+04 5.0856e+04
  20.5000 4.4638e+04 3.6932e+04 5.4479e+04 3.7156e+04 5.4043e+04 4.2793e+04 4.7536e+04
  20.7500 4.1770e+04 3.4596e+04 5.0907e+04 3.4803e+04 5.0501e+04 4.0059e+04 4.4464e+04
  21.0000 3.9112e+04 3.2430e+04 4.7602e+04 3.2621e+04 4.7223e+04 3.7525e+04 4.1620e+04
  21.2500 3.6648e+04 3.0418e+04 4.4542e+04 3.0595e+04 4.4188e+04 3.5174e+04 3.8983e+04
  21.5000 3.4361e+04 2.8550e+04 4.1706e+04 2.8714e+04 4.1376e+04 3.2992e+04 3.6538e+04
  21.7500 3.2237e+04 2.6813e+04 3.9077e+04 2.6965e+04 3.8768e+04 3.0964e+04 3.4268e+04
  22.0000 3.0264e+04 2.5196e+04 3.6637e+04 2.5337e+04 3.6349e+04 2.9078e+04 3.2159e+04
  22.2500 2.8428e+04 2.3691e+04 3.4372e+04 2.3822e+04 3.4102e+04 2.7324e+04 3.0199e+04
  22.5000 2.6719e+04 2.2288e+04 3.2268e+04 2.2410e+04 3.2014e+04 2.5690e+04 2.8376e+04
  22.7500 2.5128e+04 2.0980e+04 3.0310e+04 2.1093e+04 3.0073e+04 2.4168e+04 2.6678e+04
  23.0000 2.3645e+04 1.9760e+04 2.8489e+04 1.9865e+04 2.8266e+04 2.2748e+04 2.5097e+04
  23.2500 2.2262e+04 1.8620e+04 2.6793e+04 1.8718e+04 2.6584e+04 2.1424e+04 2.3623e+04
  23.5000 2.0972e+04 1.7556e+04 2.5212e+04 1.7647e+04 2.5016e+04 2.0188e+04 2.2247e+04
  23.7500 1.9767e+04 1.6561e+04 2.3738e+04 1.6646e+04 2.3554e+04 1.9034e+04 2.0964e+04
  24.0000 1.8641e+04 1.5630e+04 2.2363e+04 1.5710e+04 2.2189e+04 1.7954e+04 1.9765e+04
  24.2500 1.7588e+04 1.4759e+04 2.1079e+04 1.4834e+04 2.0915e+04 1.6945e+04 1.8644e+04
  24.5000 1.6604e+04 1.3944e+04 1.9879e+04 1.4013e+04 1.9725e+04 1.6000e+04 1.7596e+04
  24.7500 1.5682e+04 1.3180e+04 1.8757e+04 1.3244e+04 1.8612e+04 1.5116e+04 1.6616e+04
  25.0000 1.4818e+04 1.2463e+04 1.7707e+04 1.2524e+04 1.7570e+04 1.4287e+04 1.5697e+04
  25.2500 1.4009e+04 1.1791e+04 1.6724e+04 1.1848e+04 1.6595e+04 1.3510e+04 1.4837e+04
  25.5000 1.3250e+04 1.1161e+04 1.5804e+04 1.1214e+04 1.5682e+04 1.2781e+04 1.4030e+04
  25.7500 1.2538e+04 1.0569e+04 1.4941e+04 1.0619e+04 1.4826e+04 1.2097e+04 1.3274e+04
  26.0000 1.1870e+04 1.0013e+04 1.4132e+04 1.0060e+04 1.4023e+04 1.1454e+04 1.2564e+04
  26.2500 1.1242e+04 9.4897e+03 1.3373e+04 9.5340e+03 1.3270e+04 1.0851e+04 1.1897e+04
  26.5000 1.0652e+04 8.9980e+03 1.2660e+04 9.0397e+03 1.2563e+04 1.0284e+04 1.1271e+04
  26.7500 1.0098e+04 8.5354e+03 1.1991e+04 8.5746e+03 1.1899e+04 9.7502e+03 1.0682e+04
  27.0000 9.5764e+03 8.0998e+03 1.1362e+04 8.1368e+03 1.1275e+04 9.2483e+03 1.0128e+04
  27.2500 9.0856e+03 7.6897e+03 1.0771e+04 7.7244e+03 1.0688e+04 8.7759e+03 9.6076e+03
  27.5000 8.6235e+03 7.3032e+03 1.0215e+04 7.3360e+03 1.0137e+04 8.3310e+03 9.1174e+03
  27.7500 8.1882e+03 6.9388e+03 9.6920e+03 6.9698e+03 9.6175e+03 7.9118e+03 8.6558e+03
  28.0000 7.7780e+03 6.5952e+03 9.1995e+03 6.6244e+03 9.1288e+03 7.5167e+03 8.2208e+03
  28.2500 7.3912e+03 6.2709e+03 8.7356e+03 6.2985e+03 8.6684e+03 7.1441e+03 7.8108e+03
  28.5000 7.0264e+03 5.9648e+03 8.2984e+03 5.9909e+03 8.2346e+03 6.7925e+03 7.4241e+03
  28.7500 6.6821e+03 5.6758e+03 7.8861e+03 5.7005e+03 7.8256e+03 6.4607e+03 7.0592e+03
  29.0000 6.3571e+03 5.4027e+03 7.4973e+03 5.4260e+03 7.4397e+03 6.1474e+03 6.7149e+03
  29.2500 6.0501e+03 5.1446e+03 7.1303e+03 5.1667e+03 7.0756e+03 5.8514e+03 6.3896e+03
  29.5000 5.7599e+03 4.9005e+03 6.7839e+03 4.9214e+03 6.7318e+03 5.5716e+03 6.0823e+03
  29.7500 5.4857e+03 4.6681e+03 6.4566e+03 4.6879e+03 6.4070e+03 5.3071e+03 5.7919e+03
  30.0000 5.2263e+03 4.4480e+03 6.1485e+03 4.4667e+03 6.1014e+03 5.0569e+03 5.5172e+03
  30.2500 4.9808e+03 4.2397e+03 5.8572e+03 4.2574e+03 5.8124e+03 4.8201e+03 5.2574e+03
  30.5000 4.7485e+03 4.0426e+03 5.5816e+03 4.0592e+03 5.5390e+03 4.5959e+03 5.0116e+03
  30.7500 4.5285e+03 3.8558e+03 5.3207e+03 3.8716e+03 5.2802e+03 4.3837e+03 4.7787e+03
  31.0000 4.3201e+03 3.6789e+03 5.0738e+03 3.6938e+03 5.0351e+03 4.1826e+03 4.5582e+03
  31.2500 4.1226e+03 3.5111e+03 4.8398e+03 3.5253e+03 4.8030e+03 3.9919e+03 4.3493e+03
  31.5000 3.9353e+03 3.3521e+03 4.6181e+03 3.3655e+03 4.5830e+03 3.8112e+03 4.1512e+03
  31.7500 3.7577e+03 3.2012e+03 4.4079e+03 3.2139e+03 4.3745e+03 3.6398e+03 3.9634e+03
  32.0000 3.5892e+03 3.0581e+03 4.2086e+03 3.0701e+03 4.1767e+03 3.4771e+03 3.7852e+03
  32.2500 3.4293e+03 2.9223e+03 4.0195e+03 2.9336e+03 3.9892e+03 3.3228e+03 3.6162e+03
  32.5000 3.2775e+03 2.7933e+03 3.8402e+03 2.8040e+03 3.8112e+03 3.1763e+03 3.4558e+03
  32.7500 3.1334e+03 2.6708e+03 3.6700e+03 2.6810e+03 3.6423e+03 3.0371e+03 3.3035e+03
  33.0000 2.9965e+03 2.5545e+03 3.5083e+03 2.5641e+03 3.4819e+03 2.9049e+03 3.1588e+03
  33.2500 2.8664e+03 2.4439e+03 3.3548e+03 2.4529e+03 3.3296e+03 2.7793e+03 3.0214e+03
  33.5000 2.7428e+03 2.3387e+03 3.2090e+03 2.3473e+03 3.1848e+03 2.6599e+03 2.8908e+03
  33.7500 2.6252e+03 2.2387e+03 3.0703e+03 2.2469e+03 3.0473e+03 2.5463e+03 2.7666e+03
  34.0000 2.5133e+03 2.1436e+03 2.9385e+03 2.1513e+03 2.9164e+03 2.4382e+03 2.6485e+03
  34.2500 2.4069e+03 2.0531e+03 2.8131e+03 2.0604e+03 2.7920e+03 2.3354e+03 2.5361e+03
  34.5000 2.3056e+03 1.9669e+03 2.6939e+03 1.9738e+03 2.6737e+03 2.2376e+03 2.4292e+03
  34.7500 2.2092e+03 1.8849e+03 2.5803e+03 1.8914e+03 2.5610e+03 2.1443e+03 2.3274e+03
  35.0000 2.1173e+03 1.8067e+03 2.4722e+03 1.8129e+03 2.4538e+03 2.0556e+03 2.2304e+03
  35.2500 2.0298e+03 1.7322e+03 2.3693e+03 1.7381e+03 2.3516e+03 1.9710e+03 2.1381e+03
  35.5000 1.9464e+03 1.6612e+03 2.2713e+03 1.6668e+03 2.2543e+03 1.8903e+03 2.0501e+03
  35.7500 1.8669e+03 1.5935e+03 2.1778e+03 1.5988e+03 2.1616e+03 1.8134e+03 1.9662e+03
  36.0000 1.7911e+03 1.5290e+03 2.0888e+03 1.5340e+03 2.0732e+03 1.7401e+03 1.8862e+03
  36.2500 1.7188e+03 1.4674e+03 2.0038e+03 1.4721e+03 1.9889e+03 1.6701e+03 1.8099e+03
  36.5000 1.6498e+03 1.4086e+03 1.9228e+03 1.4131e+03 1.9085e+03 1.6033e+03 1.7371e+03
  36.7500 1.5839e+03 1.3525e+03 1.8455e+03 1.3568e+03 1.8318e+03 1.5396e+03 1.6676e+03
  37.0000 1.5210e+03 1.2989e+03 1.7718e+03 1.3030e+03 1.7586e+03 1.4787e+03 1.6013e+03
  37.2500 1.4610e+03 1.2478e+03 1.7014e+03 1.2516e+03 1.6887e+03 1.4205e+03 1.5380e+03
  37.5000 1.4036e+03 1.1989e+03 1.6341e+03 1.2025e+03 1.6219e+03 1.3650e+03 1.4775e+03
  37.7500 1.3488e+03 1.1521e+03 1.5699e+03 1.1556e+03 1.5582e+03 1.3119e+03 1.4197e+03
  38.0000 1.2964e+03 1.1075e+03 1.5085e+03 1.1108e+03 1.4972e+03 1.2611e+03 1.3645e+03
  38.2500 1.2463e+03 1.0648e+03 1.4498e+03 1.0680e+03 1.4390e+03 1.2125e+03 1.3117e+03
  38.5000 1.1984e+03 1.0239e+03 1.3937e+03 1.0270e+03 1.3833e+03 1.1661e+03 1.2612e+03
  38.7500 1.1526e+03 9.8485e+02 1.3401e+03 9.8774e+02 1.3301e+03 1.1216e+03 1.2129e+03
  39.0000 1.1088e+03 9.4746e+02 1.2888e+03 9.5022e+02 1.2792e+03 1.0791e+03 1.1667e+03
  39.2500 1.0668e+03 9.1169e+02 1.2397e+03 9.1432e+02 1.2305e+03 1.0383e+03 1.1225e+03
  39.5000 1.0267e+03 8.7745e+02 1.1928e+03 8.7997e+02 1.1839e+03 9.9937e+02 1.0802e+03
  39.7500 9.8826e+02 8.4466e+02 1.1479e+03 8.4707e+02 1.1393e+03 9.6204e+02 1.0398e+03
  40.0000 9.5147e+02 8.1326e+02 1.1049e+03 8.1558e+02 1.0966e+03 9.2629e+02 1.0010e+03
  40.2500 9.1623e+02 7.8319e+02 1.0637e+03 7.8541e+02 1.0558e+03 8.9203e+02 9.6388e+02
  40.5000 8.8248e+02 7.5437e+02 1.0243e+03 7.5650e+02 1.0166e+03 8.5921e+02 9.2833e+02
  40.7500 8.5014e+02 7.2676e+02 9.8650e+02 7.2881e+02 9.7916e+02 8.2775e+02 8.9426e+02
  41.0000 8.1914e+02 7.0029e+02 9.5032e+02 7.0226e+02 9.4325e+02 7.9759e+02 8.6162e+02
  41.2500 7.8943e+02 6.7492e+02 9.1564e+02 6.7681e+02 9.0883e+02 7.6867e+02 8.3032e+02
  41.5000 7.6093e+02 6.5058e+02 8.8240e+02 6.5241e+02 8.7584e+02 7.4093e+02 8.0032e+02
  41.7500 7.3361e+02 6.2724e+02 8.5053e+02 6.2900e+02 8.4420e+02 7.1433e+02 7.7154e+02
  42.0000 7.0740e+02 6.0485e+02 8.1996e+02 6.0655e+02 8.1386e+02 6.8880e+02 7.4394e+02
  42.2500 6.8225e+02 5.8336e+02 7.9064e+02 5.8500e+02 7.8476e+02 6.6430e+02 7.1746e+02
  42.5000 6.5811e+02 5.6274e+02 7.6251e+02 5.6433e+02 7.5684e+02 6.4078e+02 6.9205e+02
  42.7500 6.3494e+02 5.4294e+02 7.3552e+02 5.4447e+02 7.3005e+02 6.1821e+02 6.6766e+02
  43.0000 6.1270e+02 5.2393e+02 7.0961e+02 5.2541e+02 7.0433e+02 5.9653e+02 6.4424e+02
  43.2500 5.9134e+02 5.0567e+02 6.8473e+02 5.0711e+02 6.7964e+02 5.7571e+02 6.2176e+02
  43.5000 5.7082e+02 4.8813e+02 6.6084e+02 4.8953e+02 6.5593e+02 5.5571e+02 6.0016e+02
  43.7500 5.5110e+02 4.7128e+02 6.3790e+02 4.7263e+02 6.3315e+02 5.3649e+02 5.7941e+02
  44.0000 5.3216e+02 4.5509e+02 6.1586e+02 4.5640e+02 6.1127e+02 5.1802e+02 5.5948e+02
  44.2500 5.1395e+02 4.3952e+02 5.9467e+02 4.4079e+02 5.9025e+02 5.0027e+02 5.4032e+02
  44.5000 4.9645e+02 4.2456e+02 5.7432e+02 4.2579e+02 5.7004e+02 4.8320e+02 5.2190e+02
  44.7500 4.7962e+02 4.1017e+02 5.5475e+02 4.1137e+02 5.5062e+02 4.6679e+02 5.0419e+02
  45.0000 4.6343e+02 3.9633e+02 5.3593e+02 3.9749e+02 5.3194e+02 4.5100e+02 4.8716e+02
  45.2500 4.4786e+02 3.8302e+02 5.1783e+02 3.8415e+02 5.1398e+02 4.3582e+02 4.7078e+02
  45.5000 4.3288e+02 3.7021e+02 5.0043e+02 3.7131e+02 4.9670e+02 4.2122e+02 4.5502e+02
  45.7500 4.1847e+02 3.5789e+02 4.8368e+02 3.5895e+02 4.8007e+02 4.0716e+02 4.3985e+02
  46.0000 4.0460e+02 3.4602e+02 4.6757e+02 3.4706e+02 4.6408e+02 3.9363e+02 4.2526e+02
  46.2500 3.9124e+02 3.3460e+02 4.5205e+02 3.3561e+02 4.4868e+02 3.8061e+02 4.1121e+02
  46.5000 3.7838e+02 3.2360e+02 4.3712e+02 3.2458e+02 4.3386e+02 3.6807e+02 3.9768e+02
  46.7500 3.6599e+02 3.1301e+02 4.2274e+02 3.1396e+02 4.1959e+02 3.5600e+02 3.8466e+02
  47.0000 3.5406e+02 3.0281e+02 4.0890e+02 3.0373e+02 4.0584e+02 3.4437e+02 3.7211e+02
  47.2500 3.4257e+02 2.9298e+02 3.9556e+02 2.9388e+02 3.9261e+02 3.3317e+02 3.6003e+02
  47.5000 3.3150e+02 2.8352e+02 3.8272e+02 2.8439e+02 3.7986e+02 3.2239e+02 3.4839e+02
  47.7500 3.2084e+02 2.7440e+02 3.7035e+02 2.7524e+02 3.6758e+02 3.1200e+02 3.3717e+02
  48.0000 3.1056e+02 2.6561e+02 3.5844e+02 2.6643e+02 3.5575e+02 3.0200e+02 3.2637e+02
  48.2500 3.0065e+02 2.5714e+02 3.4695e+02 2.5794e+02 3.4435e+02 2.9236e+02 3.1595e+02
  48.5000 2.9111e+02 2.4897e+02 3.3589e+02 2.4975e+02 3.3337e+02 2.8306e+02 3.0592e+02
  48.7500 2.8190e+02 2.4110e+02 3.2522e+02 2.4185e+02 3.2278e+02 2.7411e+02 2.9624e+02
  49.0000 2.7302e+02 2.3351e+02 3.1493e+02 2.3424e+02 3.1257e+02 2.6547e+02 2.8690e+02
  49.2500 2.6446e+02 2.2619e+02 3.0502e+02 2.2690e+02 3.0272e+02 2.5715e+02 2.7791e+02
  49.5000 2.5620e+02 2.1913e+02 2.9545e+02 2.1982e+02 2.9323e+02 2.4912e+02 2.6923e+02
  49.7500 2.4824e+02 2.1232e+02 2.8623e+02 2.1299e+02 2.8407e+02 2.4137e+02 2.6085e+02
  50.0000 2.4055e+02 2.0575e+02 2.7733e+02 2.0639e+02 2.7524e+02 2.3390e+02 2.5277e+02
  50.2500 2.3313e+02 1.9941e+02 2.6874e+02 2.0003e+02 2.6672e+02 2.2669e+02 2.4497e+02
  50.5000 2.2597e+02 1.9329e+02 2.6046e+02 1.9389e+02 2.5849e+02 2.1974e+02 2.3745e+02
  50.7500 2.1906e+02 1.8738e+02 2.5246e+02 1.8796e+02 2.5056e+02 2.1302e+02 2.3019e+02
  51.0000 2.1239e+02 1.8168e+02 2.4474e+02 1.8224e+02 2.4289e+02 2.0654e+02 2.2317e+02
  51.2500 2.0595e+02 1.7617e+02 2.3729e+02 1.7671e+02 2.3550e+02 2.0028e+02 2.1640e+02
  51.5000 1.9973e+02 1.7085e+02 2.3009e+02 1.7137e+02 2.2835e+02 1.9424e+02 2.0986e+02
  51.7500 1.9372e+02 1.6571e+02 2.2314e+02 1.6622e+02 2.2145e+02 1.8840e+02 2.0354e+02
  52.0000 1.8791e+02 1.6075e+02 2.1643e+02 1.6124e+02 2.1479e+02 1.8276e+02 1.9744e+02
  52.2500 1.8230e+02 1.5595e+02 2.0994e+02 1.5642e+02 2.0835e+02 1.7732e+02 1.9155e+02
  52.5000 1.7688e+02 1.5131e+02 2.0368e+02 1.5177e+02 2.0213e+02 1.7206e+02 1.8585e+02
  52.7500 1.7164e+02 1.4683e+02 1.9762e+02 1.4728e+02 1.9612e+02 1.6697e+02 1.8034e+02
  53.0000 1.6658e+02 1.4250e+02 1.9177e+02 1.4293e+02 1.9032e+02 1.6205e+02 1.7502e+02
  53.2500 1.6168e+02 1.3832e+02 1.8612e+02 1.3873e+02 1.8470e+02 1.5730e+02 1.6988e+02
  53.5000 1.5695e+02 1.3427e+02 1.8065e+02 1.3467e+02 1.7927e+02 1.5271e+02 1.6490e+02
  53.7500 1.5237e+02 1.3036e+02 1.7536e+02 1.3075e+02 1.7403e+02 1.4826e+02 1.6009e+02
  54.0000 1.4794e+02 1.2657e+02 1.7025e+02 1.2695e+02 1.6895e+02 1.4396e+02 1.5544e+02
  54.2500 1.4366e+02 1.2291e+02 1.6530e+02 1.2327e+02 1.6404e+02 1.3981e+02 1.5094e+02
  54.5000 1.3952e+02 1.1937e+02 1.6052e+02 1.1972e+02 1.5929e+02 1.3578e+02 1.4658e+02
  54.7500 1.3551e+02 1.1594e+02 1.5589e+02 1.1628e+02 1.5470e+02 1.3189e+02 1.4237e+02
  55.0000 1.3163e+02 1.1262e+02 1.5141e+02 1.1295e+02 1.5025e+02 1.2813e+02 1.3829e+02
  55.2500 1.2788e+02 1.0941e+02 1.4707e+02 1.0973e+02 1.4595e+02 1.2448e+02 1.3434e+02
  55.5000 1.2425e+02 1.0631e+02 1.4288e+02 1.0661e+02 1.4179e+02 1.2095e+02 1.3053e+02
  55.7500 1.2073e+02 1.0330e+02 1.3882e+02 1.0359e+02 1.3776e+02 1.1754e+02 1.2683e+02
  56.0000 1.1732e+02 1.0039e+02 1.3489e+02 1.0067e+02 1.3386e+02 1.1423e+02 1.2325e+02
  56.2500 1.1402e+02 9.7564e+01 1.3108e+02 9.7840e+01 1.3008e+02 1.1102e+02 1.1978e+02
  56.5000 1.1083e+02 9.4832e+01 1.2739e+02 9.5099e+01 1.2642e+02 1.0792e+02 1.1642e+02
  56.7500 1.0773e+02 9.2185e+01 1.2382e+02 9.2443e+01 1.2288e+02 1.0491e+02 1.1317e+02
  57.0000 1.0474e+02 8.9621e+01 1.2036e+02 8.9871e+01 1.1944e+02 1.0200e+02 1.1002e+02
  57.2500 1.0183e+02 8.7138e+01 1.1701e+02 8.7380e+01 1.1612e+02 9.9176e+01 1.0696e+02
  57.5000 9.9020e+01 8.4731e+01 1.1377e+02 8.4966e+01 1.1290e+02 9.6441e+01 1.0401e+02
  57.7500 9.6295e+01 8.2400e+01 1.1062e+02 8.2627e+01 1.0978e+02 9.3790e+01 1.0114e+02
  58.0000 9.3654e+01 8.0140e+01 1.0758e+02 8.0361e+01 1.0675e+02 9.1221e+01 9.8365e+01
  58.2500 9.1095e+01 7.7951e+01 1.0462e+02 7.8165e+01 1.0383e+02 8.8731e+01 9.5674e+01
  58.5000 8.8615e+01 7.5828e+01 1.0176e+02 7.6037e+01 1.0099e+02 8.6317e+01 9.3065e+01
  58.7500 8.6211e+01 7.3771e+01 9.8989e+01 7.3973e+01 9.8234e+01 8.3977e+01 9.0537e+01
  59.0000 8.3880e+01 7.1777e+01 9.6301e+01 7.1973e+01 9.5567e+01 8.1708e+01 8.8086e+01
  59.2500 8.1620e+01 6.9843e+01 9.3695e+01 7.0034e+01 9.2982e+01 7.9507e+01 8.5710e+01
  59.5000 7.9429e+01 6.7968e+01 9.1169e+01 6.8154e+01 9.0475e+01 7.7373e+01 8.3406e+01
  59.7500 7.7305e+01 6.6149e+01 8.8719e+01 6.6330e+01 8.8044e+01 7.5304e+01 8.1171e+01
  60.0000 7.5244e+01 6.4386e+01 8.6343e+01 6.4562e+01 8.5687e+01 7.3296e+01 7.9004e+01
  60.2500 7.3245e+01 6.2675e+01 8.4039e+01 6.2846e+01 8.3401e+01 7.1349e+01 7.6902e+01
  60.5000 7.1306e+01 6.1015e+01 8.1804e+01 6.1182e+01 8.1183e+01 6.9459e+01 7.4863e+01
  60.7500 6.9425e+01 5.9405e+01 7.9636e+01 5.9568e+01 7.9032e+01 6.7625e+01 7.2885e+01
  61.0000 6.7600e+01 5.7842e+01 7.7532e+01 5.8001e+01 7.6945e+01 6.5846e+01 7.0965e+01
  61.2500 6.5829e+01 5.6326e+01 7.5491e+01 5.6481e+01 7.4920e+01 6.4119e+01 6.9102e+01
  61.5000 6.4110e+01 5.4855e+01 7.3511e+01 5.5006e+01 7.2955e+01 6.2443e+01 6.7294e+01
  61.7500 6.2441e+01 5.3426e+01 7.1589e+01 5.3574e+01 7.1048e+01 6.0816e+01 6.5540e+01
  62.0000 6.0822e+01 5.2040e+01 6.9723e+01 5.2184e+01 6.9197e+01 5.9237e+01 6.3836e+01
  62.2500 5.9249e+01 5.0694e+01 6.7912e+01 5.0834e+01 6.7400e+01 5.7704e+01 6.2183e+01
  62.5000 5.7723e+01 4.9387e+01 6.6154e+01 4.9524e+01 6.5656e+01 5.6215e+01 6.0577e+01
  62.7500 5.6241e+01 4.8118e+01 6.4447e+01 4.8252e+01 6.3962e+01 5.4769e+01 5.9019e+01
  63.0000 5.4801e+01 4.6885e+01 6.2789e+01 4.7017e+01 6.2318e+01 5.3365e+01 5.7505e+01
  63.2500 5.3403e+01 4.5688e+01 6.1180e+01 4.5817e+01 6.0721e+01 5.2001e+01 5.6035e+01
  63.5000 5.2045e+01 4.4525e+01 5.9616e+01 4.4651e+01 5.9170e+01 5.0676e+01 5.4606e+01
  63.7500 5.0726e+01 4.3396e+01 5.8098e+01 4.3519e+01 5.7664e+01 4.9389e+01 5.3219e+01
  64.0000 4.9444e+01 4.2299e+01 5.6623e+01 4.2419e+01 5.6200e+01 4.8138e+01 5.1872e+01
  64.2500 4.8199e+01 4.1232e+01 5.5190e+01 4.1350e+01 5.4779e+01 4.6923e+01 5.0562e+01
  64.5000 4.6989e+01 4.0196e+01 5.3798e+01 4.0312e+01 5.3397e+01 4.5743e+01 4.9290e+01
  64.7500 4.5813e+01 3.9189e+01 5.2445e+01 3.9302e+01 5.2055e+01 4.4595e+01 4.8054e+01
  65.0000 4.4670e+01 3.8211e+01 5.1130e+01 3.8321e+01 5.0751e+01 4.3480e+01 4.6852e+01
  65.2500 4.3559e+01 3.7260e+01 4.9853e+01 3.7368e+01 4.9483e+01 4.2396e+01 4.5684e+01
  65.5000 4.2479e+01 3.6335e+01 4.8611e+01 3.6441e+01 4.8251e+01 4.1342e+01 4.4549e+01
  65.7500 4.1429e+01 3.5436e+01 4.7403e+01 3.5540e+01 4.7053e+01 4.0318e+01 4.3445e+01
  66.0000 4.0408e+01 3.4562e+01 4.6230e+01 3.4663e+01 4.5888e+01 3.9322e+01 4.2372e+01
  66.2500 3.9415e+01 3.3712e+01 4.5088e+01 3.3811e+01 4.4756e+01 3.8353e+01 4.1328e+01
  66.5000 3.8450e+01 3.2885e+01 4.3979e+01 3.2983e+01 4.3655e+01 3.7411e+01 4.0313e+01
  66.7500 3.7511e+01 3.2081e+01 4.2899e+01 3.2176e+01 4.2584e+01 3.6495e+01 3.9327e+01
  67.0000 3.6597e+01 3.1299e+01 4.1850e+01 3.1392e+01 4.1543e+01 3.5604e+01 3.8367e+01
  67.2500 3.5709e+01 3.0538e+01 4.0829e+01 3.0630e+01 4.0530e+01 3.4737e+01 3.7433e+01
  67.5000 3.4844e+01 2.9798e+01 3.9836e+01 2.9888e+01 3.9544e+01 3.3894e+01 3.6524e+01
  67.7500 3.4003e+01 2.9077e+01 3.8870e+01 2.9166e+01 3.8586e+01 3.3074e+01 3.5641e+01
  68.0000 3.3184e+01 2.8377e+01 3.7930e+01 2.8463e+01 3.7653e+01 3.2276e+01 3.4781e+01
  68.2500 3.2387e+01 2.7694e+01 3.7015e+01 2.7779e+01 3.6745e+01 3.1499e+01 3.3944e+01
  68.5000 3.1612e+01 2.7031e+01 3.6125e+01 2.7114e+01 3.5862e+01 3.0743e+01 3.3129e+01
  68.7500 3.0857e+01 2.6385e+01 3.5259e+01 2.6466e+01 3.5002e+01 3.0007e+01 3.2337e+01
  69.0000 3.0122e+01 2.5756e+01 3.4415e+01 2.5835e+01 3.4166e+01 2.9291e+01 3.1565e+01
  69.2500 2.9407e+01 2.5143e+01 3.3595e+01 2.5221e+01 3.3351e+01 2.8594e+01 3.0814e+01
  69.5000 2.8710e+01 2.4547e+01 3.2796e+01 2.4624e+01 3.2558e+01 2.7916e+01 3.0083e+01
  69.7500 2.8032e+01 2.3967e+01 3.2018e+01 2.4042e+01 3.1786e+01 2.7255e+01 2.9371e+01
  70.0000 2.7372e+01 2.3401e+01 3.1261e+01 2.3475e+01 3.1035e+01 2.6612e+01 2.8678e+01
  70.2500 2.6729e+01 2.2851e+01 3.0524e+01 2.2923e+01 3.0303e+01 2.5986e+01 2.8003e+01
  70.5000 2.6102e+01 2.2315e+01 2.9806e+01 2.2386e+01 2.9591e+01 2.5376e+01 2.7346e+01
  70.7500 2.5492e+01 2.1793e+01 2.9108e+01 2.1862e+01 2.8898e+01 2.4783e+01 2.6707e+01
  71.0000 2.4898e+01 2.1285e+01 2.8427e+01 2.1352e+01 2.8222e+01 2.4205e+01 2.6084e+01
  71.2500 2.4320e+01 2.0790e+01 2.7765e+01 2.0856e+01 2.7565e+01 2.3642e+01 2.5477e+01
  71.5000 2.3756e+01 2.0308e+01 2.7120e+01 2.0372e+01 2.6924e+01 2.3093e+01 2.4886e+01
  71.7500 2.3207e+01 1.9838e+01 2.6491e+01 1.9901e+01 2.6300e+01 2.2559e+01 2.4311e+01
  72.0000 2.2672e+01 1.9380e+01 2.5879e+01 1.9442e+01 2.5693e+01 2.2039e+01 2.3750e+01
  72.2500 2.2151e+01 1.8934e+01 2.5283e+01 1.8994e+01 2.5101e+01 2.1532e+01 2.3204e+01
  72.5000 2.1643e+01 1.8500e+01 2.4702e+01 1.8559e+01 2.4524e+01 2.1038e+01 2.2671e+01
  72.7500 2.1148e+01 1.8076e+01 2.4136e+01 1.8134e+01 2.3962e+01 2.0557e+01 2.2153e+01
  73.0000 2.0666e+01 1.7664e+01 2.3585e+01 1.7720e+01 2.3415e+01 2.0088e+01 2.1648e+01
  73.2500 2.0195e+01 1.7262e+01 2.3048e+01 1.7317e+01 2.2881e+01 1.9631e+01 2.1155e+01
  73.5000 1.9737e+01 1.6870e+01 2.2524e+01 1.6923e+01 2.2361e+01 1.9186e+01 2.0675e+01
  73.7500 1.9291e+01 1.6488e+01 2.2014e+01 1.6540e+01 2.1855e+01 1.8752e+01 2.0208e+01
  74.0000 1.8855e+01 1.6115e+01 2.1517e+01 1.6166e+01 2.1361e+01 1.8329e+01 1.9752e+01
  74.2500 1.8431e+01 1.5752e+01 2.1032e+01 1.5802e+01 2.0880e+01 1.7917e+01 1.9308e+01
  74.5000 1.8017e+01 1.5398e+01 2.0559e+01 1.5447e+01 2.0410e+01 1.7515e+01 1.8875e+01
  74.7500 1.7613e+01 1.5053e+01 2.0099e+01 1.5101e+01 1.9953e+01 1.7123e+01 1.8452e+01
  75.0000 1.7220e+01 1.4717e+01 1.9650e+01 1.4763e+01 1.9507e+01 1.6741e+01 1.8041e+01
  75.2500 1.6836e+01 1.4389e+01 1.9212e+01 1.4434e+01 1.9072e+01 1.6369e+01 1.7639e+01
  75.5000 1.6462e+01 1.4069e+01 1.8785e+01 1.4113e+01 1.8648e+01 1.6006e+01 1.7248e+01
  75.7500 1.6097e+01 1.3757e+01 1.8369e+01 1.3800e+01 1.8235e+01 1.5651e+01 1.6866e+01
  76.0000 1.5742e+01 1.3453e+01 1.7963e+01 1.3494e+01 1.7832e+01 1.5306e+01 1.6494e+01
  76.2500 1.5394e+01 1.3156e+01 1.7567e+01 1.3197e+01 1.7439e+01 1.4969e+01 1.6131e+01
  76.5000 1.5056e+01 1.2866e+01 1.7181e+01 1.2906e+01 1.7055e+01 1.4640e+01 1.5776e+01
  76.7500 1.4725e+01 1.2584e+01 1.6804e+01 1.2623e+01 1.6681e+01 1.4320e+01 1.5431e+01
  77.0000 1.4403e+01 1.2308e+01 1.6437e+01 1.2346e+01 1.6316e+01 1.4007e+01 1.5094e+01
  77.2500 1.4089e+01 1.2039e+01 1.6079e+01 1.2076e+01 1.5960e+01 1.3702e+01 1.4765e+01
  77.5000 1.3782e+01 1.1777e+01 1.5729e+01 1.1813e+01 1.5613e+01 1.3404e+01 1.4444e+01
  77.7500 1.3482e+01 1.1521e+01 1.5388e+01 1.1556e+01 1.5274e+01 1.3114e+01 1.4131e+01
  78.0000 1.3190e+01 1.1271e+01 1.5055e+01 1.1305e+01 1.4943e+01 1.2830e+01 1.3826e+01
  78.2500 1.2905e+01 1.1027e+01 1.4730e+01 1.1061e+01 1.4621e+01 1.2554e+01 1.3527e+01
  78.5000 1.2627e+01 1.0790e+01 1.4413e+01 1.0822e+01 1.4306e+01 1.2284e+01 1.3237e+01
  78.7500 1.2355e+01 1.0557e+01 1.4104e+01 1.0589e+01 1.3998e+01 1.2020e+01 1.2953e+01
  79.0000 1.2090e+01 1.0331e+01 1.3802e+01 1.0361e+01 1.3698e+01 1.1763e+01 1.2675e+01
  79.2500 1.1831e+01 1.0109e+01 1.3507e+01 1.0139e+01 1.3406e+01 1.1512e+01 1.2405e+01
  79.5000 1.1579e+01 9.8934e+00 1.3219e+01 9.9224e+00 1.3120e+01 1.1267e+01 1.2141e+01
  79.7500 1.1332e+01 9.6825e+00 1.2938e+01 9.7107e+00 1.2841e+01 1.1028e+01 1.1883e+01
  80.0000 1.1091e+01 9.4766e+00 1.2664e+01 9.5041e+00 1.2568e+01 1.0794e+01 1.1631e+01
  80.2500 1.0856e+01 9.2756e+00 1.2396e+01 9.3023e+00 1.2302e+01 1.0566e+01 1.1385e+01
  80.5000 1.0626e+01 9.0793e+00 1.2135e+01 9.1053e+00 1.2043e+01 1.0343e+01 1.1145e+01
  80.7500 1.0402e+01 8.8876e+00 1.1880e+01 8.9129e+00 1.1789e+01 1.0126e+01 1.0911e+01
  81.0000 1.0183e+01 8.7003e+00 1.1630e+01 8.7250e+00 1.1541e+01 9.9135e+00 1.0682e+01
  81.2500 9.9689e+00 8.5175e+00 1.1387e+01 8.5415e+00 1.1300e+01 9.7060e+00 1.0459e+01
  81.5000 9.7599e+00 8.3389e+00 1.1149e+01 8.3623e+00 1.1063e+01 9.5034e+00 1.0240e+01
  81.7500 9.5558e+00 8.1645e+00 1.0917e+01 8.1872e+00 1.0832e+01 9.3054e+00 1.0027e+01
  82.0000 9.3565e+00 7.9941e+00 1.0690e+01 8.0162e+00 1.0607e+01 9.1120e+00 9.8185e+00
  82.2500 9.1617e+00 7.8276e+00 1.0468e+01 7.8491e+00 1.0387e+01 8.9231e+00 9.6149e+00
  82.5000 8.9714e+00 7.6650e+00 1.0251e+01 7.6859e+00 1.0172e+01 8.7385e+00 9.4160e+00
  82.7500 8.7855e+00 7.5061e+00 1.0040e+01 7.5264e+00 9.9616e+00 8.5582e+00 9.2217e+00
  83.0000 8.6038e+00 7.3508e+00 9.8331e+00 7.3706e+00 9.7561e+00 8.3819e+00 9.0318e+00
  83.2500 8.4263e+00 7.1991e+00 9.6310e+00 7.2184e+00 9.5554e+00 8.2097e+00 8.8462e+00
  83.5000 8.2529e+00 7.0508e+00 9.4335e+00 7.0696e+00 9.3593e+00 8.0414e+00 8.6649e+00
  83.7500 8.0833e+00 6.9059e+00 9.2405e+00 6.9242e+00 9.1676e+00 7.8769e+00 8.4877e+00
  84.0000 7.9177e+00 6.7643e+00 9.0519e+00 6.7821e+00 8.9803e+00 7.7161e+00 8.3144e+00
  84.2500 7.7557e+00 6.6259e+00 8.8676e+00 6.6432e+00 8.7971e+00 7.5589e+00 8.1451e+00
  84.5000 7.5974e+00 6.4907e+00 8.6873e+00 6.5075e+00 8.6181e+00 7.4053e+00 7.9796e+00
  84.7500 7.4428e+00 6.3585e+00 8.5112e+00 6.3748e+00 8.4432e+00 7.2551e+00 7.8178e+00
  85.0000 7.2916e+00 6.2293e+00 8.3390e+00 6.2452e+00 8.2722e+00 7.1083e+00 7.6597e+00
  85.2500 7.1439e+00 6.1030e+00 8.1707e+00 6.1185e+00 8.1050e+00 6.9648e+00 7.5051e+00
  85.5000 6.9995e+00 5.9796e+00 8.0061e+00 5.9947e+00 7.9416e+00 6.8245e+00 7.3540e+00
  85.7500 6.8583e+00 5.8590e+00 7.8453e+00 5.8737e+00 7.7819e+00 6.6874e+00 7.2063e+00
  86.0000 6.7204e+00 5.7410e+00 7.6880e+00 5.7554e+00 7.6257e+00 6.5533e+00 7.0619e+00
  86.2500 6.5855e+00 5.6258e+00 7.5342e+00 5.6398e+00 7.4730e+00 6.4222e+00 6.9206e+00
  86.5000 6.4537e+00 5.5131e+00 7.3838e+00 5.5267e+00 7.3238e+00 6.2940e+00 6.7825e+00
  86.7500 6.3248e+00 5.4029e+00 7.2368e+00 5.4162e+00 7.1778e+00 6.1687e+00 6.6475e+00
  87.0000 6.1988e+00 5.2952e+00 7.0930e+00 5.3082e+00 7.0351e+00 6.0461e+00 6.5155e+00
  87.2500 6.0756e+00 5.1898e+00 6.9524e+00 5.2025e+00 6.8955e+00 5.9262e+00 6.3864e+00
  87.5000 5.9551e+00 5.0869e+00 6.8149e+00 5.0992e+00 6.7590e+00 5.8090e+00 6.2601e+00
  87.7500 5.8373e+00 4.9862e+00 6.6804e+00 4.9982e+00 6.6255e+00 5.6944e+00 6.1366e+00
  88.0000 5.7221e+00 4.8877e+00 6.5489e+00 4.8995e+00 6.4950e+00 5.5822e+00 6.0158e+00
  88.2500 5.6094e+00 4.7914e+00 6.4202e+00 4.8029e+00 6.3673e+00 5.4725e+00 5.8976e+00
  88.5000 5.4993e+00 4.6972e+00 6.2944e+00 4.7084e+00 6.2424e+00 5.3653e+00 5.7820e+00
  88.7500 5.3915e+00 4.6050e+00 6.1712e+00 4.6161e+00 6.1202e+00 5.2603e+00 5.6690e+00
  89.0000 5.2861e+00 4.5149e+00 6.0508e+00 4.5257e+00 6.0007e+00 5.1576e+00 5.5584e+00
  89.2500 5.1830e+00 4.4268e+00 5.9329e+00 4.4373e+00 5.8837e+00 5.0572e+00 5.4501e+00
  89.5000 5.0821e+00 4.3406e+00 5.8177e+00 4.3509e+00 5.7694e+00 4.9589e+00 5.3443e+00
  89.7500 4.9835e+00 4.2562e+00 5.7049e+00 4.2663e+00 5.6574e+00 4.8628e+00 5.2407e+00
  90.0000 4.8869e+00 4.1737e+00 5.5945e+00 4.1836e+00 5.5479e+00 4.7687e+00 5.1394e+00
  90.2500 4.7925e+00 4.0929e+00 5.4865e+00 4.1026e+00 5.4408e+00 4.6766e+00 5.0402e+00
  90.5000 4.7001e+00 4.0140e+00 5.3808e+00 4.0234e+00 5.3359e+00 4.5865e+00 4.9431e+00
  90.7500 4.6097e+00 3.9367e+00 5.2774e+00 3.9459e+00 5.2333e+00 4.4984e+00 4.8482e+00
  91.0000 4.5212e+00 3.8610e+00 5.1761e+00 3.8701e+00 5.1329e+00 4.4121e+00 4.7552e+00
  91.2500 4.4347e+00 3.7870e+00 5.0771e+00 3.7959e+00 5.0347e+00 4.3277e+00 4.6643e+00
  91.5000 4.3499e+00 3.7146e+00 4.9801e+00 3.7233e+00 4.9385e+00 4.2450e+00 4.5752e+00
  91.7500 4.2670e+00 3.6437e+00 4.8852e+00 3.6522e+00 4.8444e+00 4.1641e+00 4.4881e+00
  92.0000 4.1859e+00 3.5743e+00 4.7923e+00 3.5827e+00 4.7522e+00 4.0850e+00 4.4028e+00
  92.2500 4.1065e+00 3.5064e+00 4.7014e+00 3.5147e+00 4.6620e+00 4.0074e+00 4.3193e+00
  92.5000 4.0287e+00 3.4400e+00 4.6124e+00 3.4480e+00 4.5738e+00 3.9316e+00 4.2375e+00
  92.7500 3.9526e+00 3.3749e+00 4.5252e+00 3.3828e+00 4.4873e+00 3.8573e+00 4.1575e+00
  93.0000 3.8781e+00 3.3112e+00 4.4399e+00 3.3190e+00 4.4027e+00 3.7846e+00 4.0792e+00
  93.2500 3.8052e+00 3.2489e+00 4.3564e+00 3.2565e+00 4.3199e+00 3.7134e+00 4.0025e+00
  93.5000 3.7338e+00 3.1878e+00 4.2746e+00 3.1953e+00 4.2387e+00 3.6437e+00 3.9274e+00
  93.7500 3.6639e+00 3.1281e+00 4.1945e+00 3.1354e+00 4.1593e+00 3.5754e+00 3.8538e+00
  94.0000 3.5955e+00 3.0695e+00 4.1161e+00 3.0768e+00 4.0816e+00 3.5085e+00 3.7818e+00
  94.2500 3.5284e+00 3.0122e+00 4.0393e+00 3.0194e+00 4.0054e+00 3.4431e+00 3.7113e+00
  94.5000 3.4628e+00 2.9561e+00 3.9641e+00 2.9631e+00 3.9308e+00 3.3790e+00 3.6422e+00
  94.7500 3.3985e+00 2.9012e+00 3.8904e+00 2.9081e+00 3.8578e+00 3.3162e+00 3.5746e+00
  95.0000 3.3356e+00 2.8474e+00 3.8183e+00 2.8541e+00 3.7863e+00 3.2547e+00 3.5084e+00
  95.2500 3.2740e+00 2.7947e+00 3.7476e+00 2.8013e+00 3.7162e+00 3.1945e+00 3.4435e+00
  95.5000 3.2136e+00 2.7431e+00 3.6784e+00 2.7496e+00 3.6476e+00 3.1355e+00 3.3800e+00
  95.7500 3.1545e+00 2.6925e+00 3.6106e+00 2.6989e+00 3.5804e+00 3.0777e+00 3.3177e+00
  96.0000 3.0965e+00 2.6430e+00 3.5442e+00 2.6493e+00 3.5145e+00 3.0211e+00 3.2567e+00
  96.2500 3.0398e+00 2.5945e+00 3.4791e+00 2.6007e+00 3.4500e+00 2.9657e+00 3.1970e+00
  96.5000 2.9842e+00 2.5470e+00 3.4154e+00 2.5531e+00 3.3868e+00 2.9114e+00 3.1385e+00
  96.7500 2.9297e+00 2.5005e+00 3.3529e+00 2.5065e+00 3.3249e+00 2.8582e+00 3.0812e+00
  97.0000 2.8764e+00 2.4549e+00 3.2918e+00 2.4608e+00 3.2643e+00 2.8060e+00 3.0250e+00
  97.2500 2.8241e+00 2.4102e+00 3.2318e+00 2.4160e+00 3.2048e+00 2.7549e+00 2.9700e+00
  97.5000 2.7729e+00 2.3664e+00 3.1731e+00 2.3721e+00 3.1466e+00 2.7049e+00 2.9160e+00
  97.7500 2.7227e+00 2.3235e+00 3.1155e+00 2.3291e+00 3.0896e+00 2.6558e+00 2.8632e+00
  98.0000 2.6735e+00 2.2815e+00 3.0591e+00 2.2870e+00 3.0336e+00 2.6077e+00 2.8114e+00
  98.2500 2.6253e+00 2.2403e+00 3.0038e+00 2.2458e+00 2.9788e+00 2.5606e+00 2.7607e+00
  98.5000 2.5781e+00 2.1999e+00 2.9497e+00 2.2053e+00 2.9251e+00 2.5145e+00 2.7109e+00
  98.7500 2.5318e+00 2.1603e+00 2.8966e+00 2.1656e+00 2.8725e+00 2.4692e+00 2.6622e+00
  99.0000 2.4864e+00 2.1216e+00 2.8445e+00 2.1268e+00 2.8209e+00 2.4249e+00 2.6144e+00
  99.2500 2.4419e+00 2.0836e+00 2.7935e+00 2.0887e+00 2.7703e+00 2.3814e+00 2.5676e+00
  99.5000 2.3983e+00 2.0463e+00 2.7435e+00 2.0514e+00 2.7207e+00 2.3388e+00 2.5217e+00
  99.7500 2.3556e+00 2.0098e+00 2.6945e+00 2.0148e+00 2.6721e+00 2.2970e+00 2.4767e+00
 100.0000 2.3137e+00 1.9740e+00 2.6465e+00 1.9789e+00 2.6245e+00 2.2561e+00 2.4326e+00
 100.2500 2.2726e+00 1.9389e+00 2.5994e+00 1.9437e+00 2.5778e+00 2.2159e+00 2.3894e+00
 100.5000 2.2323e+00 1.9045e+00 2.5532e+00 1.9092e+00 2.5320e+00 2.1766e+00 2.3470e+00
 100.7500 2.1928e+00 1.8707e+00 2.5079e+00 1.8754e+00 2.4871e+00 2.1380e+00 2.3054e+00
 101.0000 2.1541e+00 1.8376e+00 2.4635e+00 1.8423e+00 2.4431e+00 2.1001e+00 2.2647e+00
 101.2500 2.1162e+00 1.8052e+00 2.4200e+00 1.8098e+00 2.3999e+00 2.0630e+00 2.2247e+00
 101.5000 2.0789e+00 1.7734e+00 2.3773e+00 1.7779e+00 2.3576e+00 2.0266e+00 2.1855e+00
 101.7500 2.0424e+00 1.7422e+00 2.3354e+00 1.7466e+00 2.3161e+00 1.9910e+00 2.1471e+00
 102.0000 2.0066e+00 1.7116e+00 2.2944e+00 1.7160e+00 2.2754e+00 1.9560e+00 2.1094e+00
 102.2500 1.9714e+00 1.6816e+00 2.2541e+00 1.6859e+00 2.2355e+00 1.9217e+00 2.0725e+00
 102.5000 1.9370e+00 1.6522e+00 2.2146e+00 1.6564e+00 2.1963e+00 1.8880e+00 2.0362e+00
 102.7500 1.9032e+00 1.6233e+00 2.1759e+00 1.6275e+00 2.1579e+00 1.8550e+00 2.0007e+00
 103.0000 1.8700e+00 1.5950e+00 2.1379e+00 1.5991e+00 2.1202e+00 1.8226e+00 1.9658e+00
 103.2500 1.8375e+00 1.5672e+00 2.1007e+00 1.5713e+00 2.0833e+00 1.7909e+00 1.9316e+00
 103.5000 1.8056e+00 1.5400e+00 2.0641e+00 1.5440e+00 2.0470e+00 1.7597e+00 1.8981e+00
 103.7500 1.7743e+00 1.5133e+00 2.0283e+00 1.5172e+00 2.0115e+00 1.7292e+00 1.8652e+00
 104.0000 1.7436e+00 1.4870e+00 1.9931e+00 1.4909e+00 1.9766e+00 1.6992e+00 1.8329e+00
 104.2500 1.7135e+00 1.4613e+00 1.9587e+00 1.4651e+00 1.9424e+00 1.6698e+00 1.8013e+00
 104.5000 1.6840e+00 1.4361e+00 1.9248e+00 1.4399e+00 1.9089e+00 1.6410e+00 1.7702e+00
 104.7500 1.6550e+00 1.4113e+00 1.8917e+00 1.4150e+00 1.8760e+00 1.6127e+00 1.7398e+00
 105.0000 1.6265e+00 1.3871e+00 1.8591e+00 1.3907e+00 1.8437e+00 1.5849e+00 1.7099e+00
 105.2500 1.5986e+00 1.3632e+00 1.8272e+00 1.3668e+00 1.8120e+00 1.5577e+00 1.6806e+00
 105.5000 1.5712e+00 1.3398e+00 1.7959e+00 1.3434e+00 1.7809e+00 1.5310e+00 1.6518e+00
 105.7500 1.5443e+00 1.3169e+00 1.7651e+00 1.3204e+00 1.7504e+00 1.5048e+00 1.6236e+00
 106.0000 1.5180e+00 1.2944e+00 1.7350e+00 1.2978e+00 1.7205e+00 1.4791e+00 1.5959e+00
 106.2500 1.4921e+00 1.2723e+00 1.7054e+00 1.2757e+00 1.6911e+00 1.4539e+00 1.5687e+00
 106.5000 1.4667e+00 1.2506e+00 1.6764e+00 1.2539e+00 1.6623e+00 1.4291e+00 1.5421e+00
 106.7500 1.4418e+00 1.2294e+00 1.6479e+00 1.2326e+00 1.6341e+00 1.4048e+00 1.5159e+00
 107.0000 1.4174e+00 1.2085e+00 1.6199e+00 1.2117e+00 1.6064e+00 1.3810e+00 1.4903e+00
 107.2500 1.3934e+00 1.1880e+00 1.5925e+00 1.1912e+00 1.5791e+00 1.3576e+00 1.4651e+00
 107.5000 1.3698e+00 1.1679e+00 1.5656e+00 1.1710e+00 1.5524e+00 1.3346e+00 1.4404e+00
 107.7500 1.3467e+00 1.1482e+00 1.5392e+00 1.1512e+00 1.5262e+00 1.3121e+00 1.4161e+00
 108.0000 1.3240e+00 1.1288e+00 1.5133e+00 1.1318e+00 1.5005e+00 1.2900e+00 1.3923e+00
 108.2500 1.3017e+00 1.1098e+00 1.4878e+00 1.1127e+00 1.4753e+00 1.2683e+00 1.3689e+00
 108.5000 1.2799e+00 1.0912e+00 1.4629e+00 1.0940e+00 1.4505e+00 1.2470e+00 1.3460e+00
 108.7500 1.2584e+00 1.0729e+00 1.4383e+00 1.0757e+00 1.4262e+00 1.2261e+00 1.3235e+00
 109.0000 1.2373e+00 1.0549e+00 1.4143e+00 1.0577e+00 1.4023e+00 1.2056e+00 1.3014e+00
 109.2500 1.2167e+00 1.0372e+00 1.3907e+00 1.0400e+00 1.3789e+00 1.1855e+00 1.2797e+00
 109.5000 1.1964e+00 1.0199e+00 1.3675e+00 1.0226e+00 1.3559e+00 1.1657e+00 1.2584e+00
 109.7500 1.1764e+00 1.0029e+00 1.3448e+00 1.0056e+00 1.3333e+00 1.1463e+00 1.2375e+00
 110.0000 1.1569e+00 9.8623e-01 1.3224e+00 9.8882e-01 1.3111e+00 1.1273e+00 1.2170e+00
 110.2500 1.1377e+00 9.6984e-01 1.3005e+00 9.7239e-01 1.2894e+00 1.1086e+00 1.1969e+00
 110.5000 1.1188e+00 9.5375e-01 1.2790e+00 9.5625e-01 1.2680e+00 1.0902e+00 1.1771e+00
 110.7500 1.1003e+00 9.3796e-01 1.2579e+00 9.4042e-01 1.2470e+00 1.0722e+00 1.1577e+00
 111.0000 1.0821e+00 9.2245e-01 1.2371e+00 9.2486e-01 1.2265e+00 1.0545e+00 1.1387e+00
 111.2500 1.0643e+00 9.0723e-01 1.2168e+00 9.0959e-01 1.2062e+00 1.0371e+00 1.1200e+00
 111.5000 1.0468e+00 8.9227e-01 1.1968e+00 8.9460e-01 1.1864e+00 1.0201e+00 1.1016e+00
 111.7500 1.0296e+00 8.7760e-01 1.1771e+00 8.7988e-01 1.1669e+00 1.0033e+00 1.0836e+00
 112.0000 1.0127e+00 8.6318e-01 1.1579e+00 8.6542e-01 1.1478e+00 9.8688e-01 1.0658e+00
 112.2500 9.9608e-01 8.4903e-01 1.1389e+00 8.5123e-01 1.1290e+00 9.7074e-01 1.0484e+00
 112.5000 9.7979e-01 8.3513e-01 1.1204e+00 8.3729e-01 1.1105e+00 9.5488e-01 1.0314e+00
 112.7500 9.6379e-01 8.2148e-01 1.1021e+00 8.2360e-01 1.0924e+00 9.3931e-01 1.0146e+00
 113.0000 9.4808e-01 8.0807e-01 1.0842e+00 8.1015e-01 1.0746e+00 9.2402e-01 9.9812e-01
 113.2500 9.3264e-01 7.9490e-01 1.0666e+00 7.9695e-01 1.0572e+00 9.0900e-01 9.8194e-01
 113.5000 9.1749e-01 7.8198e-01 1.0493e+00 7.8398e-01 1.0400e+00 8.9425e-01 9.6606e-01
 113.7500 9.0260e-01 7.6928e-01 1.0323e+00 7.7125e-01 1.0232e+00 8.7977e-01 9.5045e-01
 114.0000 8.8798e-01 7.5680e-01 1.0156e+00 7.5874e-01 1.0066e+00 8.6554e-01 9.3513e-01
 114.2500 8.7362e-01 7.4455e-01 9.9926e-01 7.4645e-01 9.9036e-01 8.5157e-01 9.2007e-01
 114.5000 8.5951e-01 7.3252e-01 9.8318e-01 7.3438e-01 9.7439e-01 8.3785e-01 9.0529e-01
 114.7500 8.4566e-01 7.2070e-01 9.6738e-01 7.2253e-01 9.5871e-01 8.2437e-01 8.9077e-01
 115.0000 8.3205e-01 7.0909e-01 9.5186e-01 7.1088e-01 9.4331e-01 8.1112e-01 8.7650e-01
 115.2500 8.1868e-01 6.9768e-01 9.3661e-01 6.9944e-01 9.2817e-01 7.9812e-01 8.6249e-01
 115.5000 8.0554e-01 6.8648e-01 9.2164e-01 6.8821e-01 9.1331e-01 7.8534e-01 8.4872e-01
 115.7500 7.9264e-01 6.7548e-01 9.0693e-01 6.7717e-01 8.9871e-01 7.7278e-01 8.3519e-01
 116.0000 7.7997e-01 6.6466e-01 8.9247e-01 6.6633e-01 8.8436e-01 7.6045e-01 8.2190e-01
 116.2500 7.6751e-01 6.5404e-01 8.7828e-01 6.5567e-01 8.7027e-01 7.4834e-01 8.0885e-01
 116.5000 7.5528e-01 6.4360e-01 8.6433e-01 6.4521e-01 8.5643e-01 7.3643e-01 7.9602e-01
 116.7500 7.4326e-01 6.3335e-01 8.5062e-01 6.3492e-01 8.4282e-01 7.2474e-01 7.8342e-01
 117.0000 7.3145e-01 6.2328e-01 8.3715e-01 6.2482e-01 8.2946e-01 7.1325e-01 7.7104e-01
 117.2500 7.1984e-01 6.1338e-01 8.2392e-01 6.1489e-01 8.1633e-01 7.0196e-01 7.5887e-01
 117.5000 7.0844e-01 6.0365e-01 8.1092e-01 6.0514e-01 8.0343e-01 6.9086e-01 7.4692e-01
 117.7500 6.9724e-01 5.9410e-01 7.9815e-01 5.9555e-01 7.9075e-01 6.7996e-01 7.3517e-01
 118.0000 6.8623e-01 5.8471e-01 7.8559e-01 5.8614e-01 7.7829e-01 6.6925e-01 7.2362e-01
 118.2500 6.7541e-01 5.7548e-01 7.7326e-01 5.7688e-01 7.6605e-01 6.5872e-01 7.1228e-01
 118.5000 6.6478e-01 5.6641e-01 7.6114e-01 5.6779e-01 7.5402e-01 6.4838e-01 7.0113e-01
 118.7500 6.5433e-01 5.5750e-01 7.4922e-01 5.5885e-01 7.4220e-01 6.3821e-01 6.9017e-01
 119.0000 6.4407e-01 5.4874e-01 7.3751e-01 5.5007e-01 7.3058e-01 6.2822e-01 6.7940e-01
 119.2500 6.3398e-01 5.4014e-01 7.2601e-01 5.4144e-01 7.1916e-01 6.1840e-01 6.6882e-01
 119.5000 6.2406e-01 5.3168e-01 7.1470e-01 5.3295e-01 7.0794e-01 6.0875e-01 6.5841e-01
 119.7500 6.1432e-01 5.2336e-01 7.0358e-01 5.2462e-01 6.9691e-01 5.9926e-01 6.4819e-01
 120.0000 6.0474e-01 5.1519e-01 6.9266e-01 5.1643e-01 6.8607e-01 5.8994e-01 6.3814e-01
 120.2500 5.9533e-01 5.0716e-01 6.8192e-01 5.0837e-01 6.7541e-01 5.8077e-01 6.2825e-01
 120.5000 5.8607e-01 4.9927e-01 6.7136e-01 5.0046e-01 6.6494e-01 5.7176e-01 6.1854e-01
 120.7500 5.7698e-01 4.9151e-01 6.6098e-01 4.9268e-01 6.5464e-01 5.6290e-01 6.0899e-01
 121.0000 5.6804e-01 4.8388e-01 6.5078e-01 4.8503e-01 6.4452e-01 5.5420e-01 5.9961e-01
 121.2500 5.5925e-01 4.7638e-01 6.4075e-01 4.7751e-01 6.3457e-01 5.4564e-01 5.9038e-01
 121.5000 5.5061e-01 4.6901e-01 6.3089e-01 4.7012e-01 6.2479e-01 5.3723e-01 5.8131e-01
 121.7500 5.4212e-01 4.6177e-01 6.2120e-01 4.6286e-01 6.1518e-01 5.2895e-01 5.7239e-01
 122.0000 5.3377e-01 4.5465e-01 6.1167e-01 4.5571e-01 6.0572e-01 5.2082e-01 5.6362e-01
 122.2500 5.2556e-01 4.4764e-01 6.0230e-01 4.4869e-01 5.9643e-01 5.1282e-01 5.5500e-01
 122.5000 5.1750e-01 4.4076e-01 5.9309e-01 4.4179e-01 5.8729e-01 5.0496e-01 5.4652e-01
 122.7500 5.0956e-01 4.3399e-01 5.8403e-01 4.3500e-01 5.7831e-01 4.9723e-01 5.3818e-01
 123.0000 5.0177e-01 4.2734e-01 5.7512e-01 4.2833e-01 5.6948e-01 4.8963e-01 5.2998e-01
 123.2500 4.9410e-01 4.2079e-01 5.6636e-01 4.2177e-01 5.6079e-01 4.8216e-01 5.2192e-01
 123.5000 4.8656e-01 4.1436e-01 5.5775e-01 4.1532e-01 5.5225e-01 4.7481e-01 5.1399e-01
 123.7500 4.7914e-01 4.0803e-01 5.4928e-01 4.0898e-01 5.4385e-01 4.6758e-01 5.0620e-01
 124.0000 4.7186e-01 4.0181e-01 5.4095e-01 4.0275e-01 5.3559e-01 4.6047e-01 4.9853e-01
 124.2500 4.6469e-01 3.9570e-01 5.3276e-01 3.9661e-01 5.2747e-01 4.5348e-01 4.9099e-01
 124.5000 4.5764e-01 3.8968e-01 5.2470e-01 3.9059e-01 5.1948e-01 4.4660e-01 4.8357e-01
 124.7500 4.5071e-01 3.8377e-01 5.1678e-01 3.8466e-01 5.1163e-01 4.3984e-01 4.7628e-01
 125.0000 4.4389e-01 3.7795e-01 5.0898e-01 3.7882e-01 5.0390e-01 4.3319e-01 4.6910e-01
 125.2500 4.3719e-01 3.7223e-01 5.0132e-01 3.7309e-01 4.9630e-01 4.2665e-01 4.6204e-01
 125.5000 4.3060e-01 3.6660e-01 4.9378e-01 3.6745e-01 4.8883e-01 4.2021e-01 4.5510e-01
 125.7500 4.2411e-01 3.6107e-01 4.8636e-01 3.6190e-01 4.8148e-01 4.1389e-01 4.4827e-01
 126.0000 4.1774e-01 3.5563e-01 4.7907e-01 3.5645e-01 4.7425e-01 4.0766e-01 4.4156e-01
 126.2500 4.1146e-01 3.5027e-01 4.7189e-01 3.5108e-01 4.6714e-01 4.0154e-01 4.3495e-01
 126.5000 4.0529e-01 3.4501e-01 4.6484e-01 3.4581e-01 4.6015e-01 3.9551e-01 4.2845e-01
 126.7500 3.9922e-01 3.3983e-01 4.5789e-01 3.4062e-01 4.5327e-01 3.8959e-01 4.2206e-01
 127.0000 3.9326e-01 3.3474e-01 4.5107e-01 3.3551e-01 4.4650e-01 3.8376e-01 4.1577e-01
 127.2500 3.8738e-01 3.2972e-01 4.4435e-01 3.3049e-01 4.3984e-01 3.7803e-01 4.0958e-01
 127.5000 3.8161e-01 3.2480e-01 4.3774e-01 3.2555e-01 4.3330e-01 3.7239e-01 4.0350e-01
 127.7500 3.7593e-01 3.1995e-01 4.3124e-01 3.2069e-01 4.2686e-01 3.6684e-01 3.9751e-01
 128.0000 3.7034e-01 3.1518e-01 4.2484e-01 3.1591e-01 4.2052e-01 3.6138e-01 3.9162e-01
 128.2500 3.6484e-01 3.1049e-01 4.1855e-01 3.1121e-01 4.1429e-01 3.5601e-01 3.8582e-01
 128.5000 3.5944e-01 3.0587e-01 4.1236e-01 3.0658e-01 4.0815e-01 3.5073e-01 3.8012e-01
 128.7500 3.5412e-01 3.0133e-01 4.0627e-01 3.0203e-01 4.0212e-01 3.4553e-01 3.7451e-01
 129.0000 3.4888e-01 2.9686e-01 4.0028e-01 2.9756e-01 3.9619e-01 3.4042e-01 3.6899e-01
 129.2500 3.4373e-01 2.9247e-01 3.9439e-01 2.9315e-01 3.9035e-01 3.3539e-01 3.6356e-01
 129.5000 3.3866e-01 2.8815e-01 3.8859e-01 2.8882e-01 3.8460e-01 3.3044e-01 3.5822e-01
 129.7500 3.3368e-01 2.8389e-01 3.8288e-01 2.8456e-01 3.7895e-01 3.2557e-01 3.5296e-01
 130.0000 3.2878e-01 2.7971e-01 3.7727e-01 2.8037e-01 3.7339e-01 3.2077e-01 3.4778e-01
 130.2500 3.2395e-01 2.7559e-01 3.7174e-01 2.7624e-01 3.6792e-01 3.1606e-01 3.4269e-01
 130.5000 3.1920e-01 2.7154e-01 3.6631e-01 2.7218e-01 3.6253e-01 3.1142e-01 3.3768e-01
 130.7500 3.1453e-01 2.6756e-01 3.6096e-01 2.6819e-01 3.5723e-01 3.0685e-01 3.3275e-01
 131.0000 3.0994e-01 2.6363e-01 3.5570e-01 2.6426e-01 3.5202e-01 3.0236e-01 3.2790e-01
 131.2500 3.0541e-01 2.5977e-01 3.5052e-01 2.6039e-01 3.4689e-01 2.9794e-01 3.2313e-01
 131.5000 3.0096e-01 2.5598e-01 3.4542e-01 2.5659e-01 3.4184e-01 2.9359e-01 3.1843e-01
 131.7500 2.9658e-01 2.5224e-01 3.4040e-01 2.5284e-01 3.3688e-01 2.8931e-01 3.1381e-01
 132.0000 2.9228e-01 2.4857e-01 3.3547e-01 2.4916e-01 3.3199e-01 2.8510e-01 3.0926e-01
 132.2500 2.8804e-01 2.4495e-01 3.3061e-01 2.4553e-01 3.2718e-01 2.8095e-01 3.0478e-01
 132.5000 2.8386e-01 2.4139e-01 3.2583e-01 2.4197e-01 3.2245e-01 2.7687e-01 3.0037e-01
 132.7500 2.7976e-01 2.3788e-01 3.2113e-01 2.3846e-01 3.1779e-01 2.7286e-01 2.9604e-01
 133.0000 2.7571e-01 2.3444e-01 3.1650e-01 2.3500e-01 3.1320e-01 2.6890e-01 2.9177e-01
 133.2500 2.7174e-01 2.3104e-01 3.1194e-01 2.3160e-01 3.0869e-01 2.6501e-01 2.8757e-01
 133.5000 2.6782e-01 2.2770e-01 3.0745e-01 2.2826e-01 3.0425e-01 2.6119e-01 2.8343e-01
 133.7500 2.6397e-01 2.2442e-01 3.0304e-01 2.2496e-01 2.9988e-01 2.5742e-01 2.7936e-01
 134.0000 2.6018e-01 2.2118e-01 2.9869e-01 2.2172e-01 2.9558e-01 2.5371e-01 2.7535e-01
 134.2500 2.5645e-01 2.1800e-01 2.9442e-01 2.1853e-01 2.9134e-01 2.5006e-01 2.7141e-01
 134.5000 2.5278e-01 2.1487e-01 2.9021e-01 2.1539e-01 2.8718e-01 2.4647e-01 2.6753e-01
 134.7500 2.4916e-01 2.1178e-01 2.8606e-01 2.1230e-01 2.8308e-01 2.4293e-01 2.6371e-01
 135.0000 2.4560e-01 2.0875e-01 2.8199e-01 2.0926e-01 2.7904e-01 2.3945e-01 2.5995e-01
 135.2500 2.4210e-01 2.0576e-01 2.7797e-01 2.0627e-01 2.7506e-01 2.3603e-01 2.5624e-01
 135.5000 2.3865e-01 2.0282e-01 2.7402e-01 2.0332e-01 2.7115e-01 2.3265e-01 2.5260e-01
 135.7500 2.3526e-01 1.9992e-01 2.7013e-01 2.0042e-01 2.6730e-01 2.2933e-01 2.4901e-01
 136.0000 2.3192e-01 1.9708e-01 2.6630e-01 1.9757e-01 2.6351e-01 2.2607e-01 2.4548e-01
 136.2500 2.2863e-01 1.9427e-01 2.6253e-01 1.9476e-01 2.5978e-01 2.2285e-01 2.4200e-01
 136.5000 2.2539e-01 1.9151e-01 2.5882e-01 1.9199e-01 2.5611e-01 2.1968e-01 2.3858e-01
 136.7500 2.2220e-01 1.8879e-01 2.5516e-01 1.8927e-01 2.5249e-01 2.1656e-01 2.3520e-01
 137.0000 2.1907e-01 1.8612e-01 2.5156e-01 1.8659e-01 2.4893e-01 2.1349e-01 2.3189e-01
 137.2500 2.1598e-01 1.8348e-01 2.4802e-01 1.8395e-01 2.4542e-01 2.1047e-01 2.2862e-01
 137.5000 2.1294e-01 1.8089e-01 2.4453e-01 1.8135e-01 2.4197e-01 2.0750e-01 2.2540e-01
 137.7500 2.0994e-01 1.7834e-01 2.4110e-01 1.7880e-01 2.3858e-01 2.0457e-01 2.2223e-01
 138.0000 2.0700e-01 1.7582e-01 2.3772e-01 1.7628e-01 2.3523e-01 2.0169e-01 2.1912e-01
 138.2500 2.0409e-01 1.7335e-01 2.3439e-01 1.7380e-01 2.3194e-01 1.9885e-01 2.1604e-01
 138.5000 2.0124e-01 1.7091e-01 2.3112e-01 1.7136e-01 2.2869e-01 1.9605e-01 2.1302e-01
 138.7500 1.9842e-01 1.6851e-01 2.2789e-01 1.6896e-01 2.2550e-01 1.9330e-01 2.1004e-01
 139.0000 1.9565e-01 1.6615e-01 2.2471e-01 1.6659e-01 2.2236e-01 1.9059e-01 2.0711e-01
 139.2500 1.9293e-01 1.6383e-01 2.2158e-01 1.6426e-01 2.1926e-01 1.8792e-01 2.0422e-01
 139.5000 1.9024e-01 1.6154e-01 2.1850e-01 1.6197e-01 2.1621e-01 1.8529e-01 2.0138e-01
 139.7500 1.8760e-01 1.5928e-01 2.1547e-01 1.5971e-01 2.1321e-01 1.8271e-01 1.9858e-01
 140.0000 1.8499e-01 1.5706e-01 2.1248e-01 1.5749e-01 2.1025e-01 1.8016e-01 1.9582e-01
 140.2500 1.8243e-01 1.5488e-01 2.0954e-01 1.5530e-01 2.0734e-01 1.7765e-01 1.9311e-01
 140.5000 1.7990e-01 1.5273e-01 2.0664e-01 1.5314e-01 2.0448e-01 1.7518e-01 1.9044e-01
 140.7500 1.7741e-01 1.5061e-01 2.0379e-01 1.5102e-01 2.0166e-01 1.7275e-01 1.8780e-01
 141.0000 1.7497e-01 1.4852e-01 2.0098e-01 1.4893e-01 1.9887e-01 1.7035e-01 1.8521e-01
 141.2500 1.7255e-01 1.4646e-01 1.9821e-01 1.4687e-01 1.9614e-01 1.6799e-01 1.8265e-01
 141.5000 1.7018e-01 1.4444e-01 1.9548e-01 1.4484e-01 1.9344e-01 1.6567e-01 1.8014e-01
 141.7500 1.6784e-01 1.4245e-01 1.9280e-01 1.4284e-01 1.9079e-01 1.6338e-01 1.7766e-01
 142.0000 1.6554e-01 1.4048e-01 1.9015e-01 1.4088e-01 1.8817e-01 1.6113e-01 1.7522e-01
 142.2500 1.6327e-01 1.3855e-01 1.8755e-01 1.3894e-01 1.8559e-01 1.5891e-01 1.7282e-01
 142.5000 1.6103e-01 1.3665e-01 1.8499e-01 1.3703e-01 1.8306e-01 1.5672e-01 1.7045e-01
 142.7500 1.5883e-01 1.3477e-01 1.8246e-01 1.3515e-01 1.8056e-01 1.5457e-01 1.6812e-01
 143.0000 1.5666e-01 1.3292e-01 1.7997e-01 1.3330e-01 1.7810e-01 1.5245e-01 1.6582e-01
 143.2500 1.5453e-01 1.3110e-01 1.7752e-01 1.3148e-01 1.7567e-01 1.5036e-01 1.6356e-01
 143.5000 1.5242e-01 1.2931e-01 1.7510e-01 1.2968e-01 1.7328e-01 1.4830e-01 1.6133e-01
 143.7500 1.5035e-01 1.2755e-01 1.7273e-01 1.2792e-01 1.7093e-01 1.4627e-01 1.5913e-01
 144.0000 1.4831e-01 1.2581e-01 1.7038e-01 1.2617e-01 1.6861e-01 1.4428e-01 1.5697e-01
 144.2500 1.4630e-01 1.2410e-01 1.6807e-01 1.2446e-01 1.6633e-01 1.4231e-01 1.5484e-01
 144.5000 1.4432e-01 1.2241e-01 1.6580e-01 1.2277e-01 1.6408e-01 1.4037e-01 1.5274e-01
 144.7500 1.4237e-01 1.2075e-01 1.6356e-01 1.2110e-01 1.6187e-01 1.3847e-01 1.5067e-01
 145.0000 1.4045e-01 1.1911e-01 1.6135e-01 1.1946e-01 1.5968e-01 1.3659e-01 1.4863e-01
 145.2500 1.3855e-01 1.1750e-01 1.5918e-01 1.1785e-01 1.5753e-01 1.3474e-01 1.4663e-01
 145.5000 1.3669e-01 1.1591e-01 1.5704e-01 1.1626e-01 1.5541e-01 1.3291e-01 1.4465e-01
 145.7500 1.3485e-01 1.1435e-01 1.5493e-01 1.1469e-01 1.5333e-01 1.3112e-01 1.4270e-01
 146.0000 1.3304e-01 1.1280e-01 1.5285e-01 1.1314e-01 1.5127e-01 1.2934e-01 1.4078e-01
 146.2500 1.3125e-01 1.1128e-01 1.5080e-01 1.1162e-01 1.4924e-01 1.2760e-01 1.3889e-01
 146.5000 1.2949e-01 1.0979e-01 1.4878e-01 1.1012e-01 1.4725e-01 1.2588e-01 1.3703e-01
 146.7500 1.2776e-01 1.0831e-01 1.4679e-01 1.0865e-01 1.4528e-01 1.2419e-01 1.3519e-01
 147.0000 1.2606e-01 1.0686e-01 1.4483e-01 1.0719e-01 1.4334e-01 1.2252e-01 1.3338e-01
 147.2500 1.2437e-01 1.0543e-01 1.4290e-01 1.0576e-01 1.4144e-01 1.2088e-01 1.3160e-01
 147.5000 1.2272e-01 1.0402e-01 1.4100e-01 1.0434e-01 1.3955e-01 1.1926e-01 1.2984e-01
 147.7500 1.2108e-01 1.0263e-01 1.3912e-01 1.0295e-01 1.3770e-01 1.1766e-01 1.2811e-01
 148.0000 1.1948e-01 1.0126e-01 1.3727e-01 1.0158e-01 1.3587e-01 1.1609e-01 1.2640e-01
 148.2500 1.1789e-01 9.9912e-02 1.3545e-01 1.0023e-01 1.3407e-01 1.1454e-01 1.2472e-01
 148.5000 1.1633e-01 9.8582e-02 1.3366e-01 9.8894e-02 1.3230e-01 1.1302e-01 1.2306e-01
 148.7500 1.1479e-01 9.7272e-02 1.3189e-01 9.7581e-02 1.3055e-01 1.1151e-01 1.2143e-01
 149.0000 1.1327e-01 9.5981e-02 1.3015e-01 9.6287e-02 1.2882e-01 1.1003e-01 1.1982e-01
 149.2500 1.1177e-01 9.4709e-02 1.2843e-01 9.5013e-02 1.2712e-01 1.0857e-01 1.1824e-01
 149.5000 1.1030e-01 9.3456e-02 1.2674e-01 9.3756e-02 1.2545e-01 1.0713e-01 1.1667e-01
 149.7500 1.0885e-01 9.2220e-02 1.2507e-01 9.2518e-02 1.2380e-01 1.0571e-01 1.1513e-01
 150.0000 1.0741e-01 9.1002e-02 1.2342e-01 9.1298e-02 1.2218e-01 1.0431e-01 1.1361e-01
 150.2500 1.0600e-01 8.9802e-02 1.2180e-01 9.0095e-02 1.2057e-01 1.0294e-01 1.1212e-01
 150.5000 1.0461e-01 8.8620e-02 1.2021e-01 8.8910e-02 1.1899e-01 1.0158e-01 1.1064e-01
 150.7500 1.0324e-01 8.7454e-02 1.1863e-01 8.7742e-02 1.1744e-01 1.0024e-01 1.0919e-01
 151.0000 1.0189e-01 8.6305e-02 1.1708e-01 8.6590e-02 1.1590e-01 9.8922e-02 1.0775e-01
 151.2500 1.0056e-01 8.5173e-02 1.1555e-01 8.5455e-02 1.1439e-01 9.7622e-02 1.0634e-01
 151.5000 9.9245e-02 8.4056e-02 1.1404e-01 8.4337e-02 1.1290e-01 9.6341e-02 1.0495e-01
 151.7500 9.7950e-02 8.2956e-02 1.1255e-01 8.3234e-02 1.1143e-01 9.5078e-02 1.0358e-01
 152.0000 9.6674e-02 8.1872e-02 1.1109e-01 8.2147e-02 1.0998e-01 9.3834e-02 1.0222e-01
 152.2500 9.5416e-02 8.0803e-02 1.0964e-01 8.1075e-02 1.0855e-01 9.2607e-02 1.0089e-01
 152.5000 9.4175e-02 7.9749e-02 1.0822e-01 8.0019e-02 1.0714e-01 9.1397e-02 9.9573e-02
 152.7500 9.2952e-02 7.8709e-02 1.0681e-01 7.8977e-02 1.0575e-01 9.0205e-02 9.8276e-02
 153.0000 9.1746e-02 7.7685e-02 1.0543e-01 7.7950e-02 1.0438e-01 8.9029e-02 9.6997e-02
 153.2500 9.0557e-02 7.6675e-02 1.0406e-01 7.6937e-02 1.0303e-01 8.7870e-02 9.5736e-02
 153.5000 8.9385e-02 7.5679e-02 1.0272e-01 7.5939e-02 1.0170e-01 8.6727e-02 9.4493e-02
 153.7500 8.8229e-02 7.4697e-02 1.0139e-01 7.4954e-02 1.0039e-01 8.5601e-02 9.3267e-02
 154.0000 8.7089e-02 7.3728e-02 1.0008e-01 7.3983e-02 9.9091e-02 8.4490e-02 9.2059e-02
 154.2500 8.5965e-02 7.2774e-02 9.8788e-02 7.3026e-02 9.7814e-02 8.3395e-02 9.0867e-02
 154.5000 8.4856e-02 7.1832e-02 9.7515e-02 7.2082e-02 9.6555e-02 8.2315e-02 8.9692e-02
 154.7500 8.3763e-02 7.0904e-02 9.6260e-02 7.1152e-02 9.5314e-02 8.1251e-02 8.8533e-02
 155.0000 8.2686e-02 6.9989e-02 9.5022e-02 7.0234e-02 9.4090e-02 8.0201e-02 8.7391e-02
 155.2500 8.1623e-02 6.9086e-02 9.3802e-02 6.9329e-02 9.2883e-02 7.9166e-02 8.6264e-02
 155.5000 8.0575e-02 6.8196e-02 9.2598e-02 6.8437e-02 9.1692e-02 7.8146e-02 8.5153e-02
 155.7500 7.9542e-02 6.7319e-02 9.1411e-02 6.7557e-02 9.0519e-02 7.7140e-02 8.4057e-02
 156.0000 7.8522e-02 6.6454e-02 9.0241e-02 6.6689e-02 8.9361e-02 7.6148e-02 8.2977e-02
 156.2500 7.7517e-02 6.5600e-02 8.9087e-02 6.5834e-02 8.8220e-02 7.5169e-02 8.1912e-02
 156.5000 7.6526e-02 6.4759e-02 8.7948e-02 6.4990e-02 8.7094e-02 7.4205e-02 8.0861e-02
 156.7500 7.5549e-02 6.3929e-02 8.6826e-02 6.4158e-02 8.5984e-02 7.3253e-02 7.9825e-02
 157.0000 7.4585e-02 6.3111e-02 8.5719e-02 6.3338e-02 8.4889e-02 7.2316e-02 7.8803e-02
 157.2500 7.3634e-02 6.2304e-02 8.4627e-02 6.2528e-02 8.3809e-02 7.1391e-02 7.7796e-02
 157.5000 7.2697e-02 6.1508e-02 8.3550e-02 6.1730e-02 8.2744e-02 7.0479e-02 7.6802e-02
 157.7500 7.1772e-02 6.0723e-02 8.2488e-02 6.0943e-02 8.1694e-02 6.9579e-02 7.5822e-02
 158.0000 7.0860e-02 5.9949e-02 8.1441e-02 6.0167e-02 8.0658e-02 6.8692e-02 7.4855e-02
 158.2500 6.9961e-02 5.9186e-02 8.0408e-02 5.9401e-02 7.9636e-02 6.7818e-02 7.3902e-02
 158.5000 6.9074e-02 5.8433e-02 7.9389e-02 5.8646e-02 7.8629e-02 6.6955e-02 7.2962e-02
 158.7500 6.8199e-02 5.7691e-02 7.8385e-02 5.7902e-02 7.7635e-02 6.6104e-02 7.2035e-02
 159.0000 6.7336e-02 5.6959e-02 7.7394e-02 5.7167e-02 7.6655e-02 6.5266e-02 7.1120e-02
 159.2500 6.6485e-02 5.6236e-02 7.6416e-02 5.6443e-02 7.5688e-02 6.4438e-02 7.0218e-02
 159.5000 6.5646e-02 5.5524e-02 7.5452e-02 5.5729e-02 7.4734e-02 6.3622e-02 6.9329e-02
 159.7500 6.4818e-02 5.4822e-02 7.4501e-02 5.5024e-02 7.3794e-02 6.2818e-02 6.8451e-02
 160.0000 6.4001e-02 5.4129e-02 7.3563e-02 5.4329e-02 7.2866e-02 6.2024e-02 6.7586e-02
 160.2500 6.3196e-02 5.3445e-02 7.2638e-02 5.3643e-02 7.1951e-02 6.1241e-02 6.6732e-02
 160.5000 6.2401e-02 5.2771e-02 7.1726e-02 5.2967e-02 7.1048e-02 6.0469e-02 6.5890e-02
 160.7500 6.1617e-02 5.2106e-02 7.0825e-02 5.2300e-02 7.0158e-02 5.9708e-02 6.5060e-02
 161.0000 6.0844e-02 5.1451e-02 6.9937e-02 5.1642e-02 6.9279e-02 5.8957e-02 6.4241e-02
 161.2500 6.0081e-02 5.0804e-02 6.9062e-02 5.0993e-02 6.8413e-02 5.8216e-02 6.3433e-02
 161.5000 5.9329e-02 5.0166e-02 6.8198e-02 5.0353e-02 6.7558e-02 5.7486e-02 6.2636e-02
 161.7500 5.8587e-02 4.9536e-02 6.7345e-02 4.9722e-02 6.6715e-02 5.6765e-02 6.1849e-02
 162.0000 5.7855e-02 4.8916e-02 6.6505e-02 4.9099e-02 6.5883e-02 5.6054e-02 6.1074e-02
 162.2500 5.7133e-02 4.8303e-02 6.5675e-02 4.8485e-02 6.5063e-02 5.5353e-02 6.0309e-02
 162.5000 5.6421e-02 4.7699e-02 6.4857e-02 4.7878e-02 6.4254e-02 5.4662e-02 5.9554e-02
 162.7500 5.5718e-02 4.7103e-02 6.4050e-02 4.7281e-02 6.3455e-02 5.3979e-02 5.8810e-02
 163.0000 5.5024e-02 4.6516e-02 6.3254e-02 4.6691e-02 6.2667e-02 5.3306e-02 5.8075e-02
 163.2500 5.4341e-02 4.5936e-02 6.2468e-02 4.6109e-02 6.1890e-02 5.2643e-02 5.7351e-02
 163.5000 5.3666e-02 4.5364e-02 6.1693e-02 4.5535e-02 6.1123e-02 5.1988e-02 5.6636e-02
 163.7500 5.3000e-02 4.4799e-02 6.0929e-02 4.4969e-02 6.0367e-02 5.1342e-02 5.5931e-02
 164.0000 5.2343e-02 4.4243e-02 6.0174e-02 4.4410e-02 5.9621e-02 5.0705e-02 5.5235e-02
 164.2500 5.1695e-02 4.3693e-02 5.9430e-02 4.3859e-02 5.8885e-02 5.0076e-02 5.4549e-02
 164.5000 5.1056e-02 4.3151e-02 5.8696e-02 4.3315e-02 5.8158e-02 4.9456e-02 5.3872e-02
 164.7500 5.0426e-02 4.2617e-02 5.7972e-02 4.2779e-02 5.7442e-02 4.8845e-02 5.3204e-02
 165.0000 4.9803e-02 4.2090e-02 5.7257e-02 4.2249e-02 5.6735e-02 4.8241e-02 5.2545e-02
 165.2500 4.9189e-02 4.1569e-02 5.6552e-02 4.1727e-02 5.6037e-02 4.7646e-02 5.1895e-02
 165.5000 4.8584e-02 4.1056e-02 5.5856e-02 4.1212e-02 5.5349e-02 4.7059e-02 5.1253e-02
 165.7500 4.7986e-02 4.0550e-02 5.5170e-02 4.0704e-02 5.4669e-02 4.6479e-02 5.0620e-02
 166.0000 4.7396e-02 4.0050e-02 5.4492e-02 4.0202e-02 5.3999e-02 4.5907e-02 4.9996e-02
 166.2500 4.6815e-02 3.9557e-02 5.3824e-02 3.9707e-02 5.3338e-02 4.5343e-02 4.9380e-02
 166.5000 4.6240e-02 3.9070e-02 5.3165e-02 3.9219e-02 5.2685e-02 4.4787e-02 4.8772e-02
 166.7500 4.5674e-02 3.8590e-02 5.2514e-02 3.8738e-02 5.2042e-02 4.4238e-02 4.8172e-02
 167.0000 4.5115e-02 3.8117e-02 5.1872e-02 3.8262e-02 5.1406e-02 4.3696e-02 4.7581e-02
 167.2500 4.4563e-02 3.7650e-02 5.1239e-02 3.7793e-02 5.0779e-02 4.3162e-02 4.6997e-02
 167.5000 4.4019e-02 3.7188e-02 5.0614e-02 3.7330e-02 5.0161e-02 4.2634e-02 4.6421e-02
 167.7500 4.3482e-02 3.6734e-02 4.9997e-02 3.6874e-02 4.9550e-02 4.2114e-02 4.5852e-02
 168.0000 4.2952e-02 3.6285e-02 4.9388e-02 3.6423e-02 4.8948e-02 4.1601e-02 4.5291e-02
 168.2500 4.2429e-02 3.5842e-02 4.8787e-02 3.5978e-02 4.8354e-02 4.1094e-02 4.4737e-02
 168.5000 4.1913e-02 3.5405e-02 4.8195e-02 3.5540e-02 4.7767e-02 4.0594e-02 4.4191e-02
 168.7500 4.1404e-02 3.4973e-02 4.7610e-02 3.5107e-02 4.7188e-02 4.0101e-02 4.3652e-02
 169.0000 4.0901e-02 3.4548e-02 4.7032e-02 3.4679e-02 4.6617e-02 3.9614e-02 4.3120e-02
 169.2500 4.0405e-02 3.4128e-02 4.6463e-02 3.4258e-02 4.6053e-02 3.9134e-02 4.2595e-02
 169.5000 3.9916e-02 3.3713e-02 4.5901e-02 3.3841e-02 4.5497e-02 3.8660e-02 4.2077e-02
 169.7500 3.9433e-02 3.3304e-02 4.5346e-02 3.3431e-02 4.4948e-02 3.8192e-02 4.1566e-02
 170.0000 3.8956e-02 3.2900e-02 4.4798e-02 3.3026e-02 4.4406e-02 3.7731e-02 4.1062e-02
 170.2500 3.8485e-02 3.2502e-02 4.4258e-02 3.2626e-02 4.3871e-02 3.7275e-02 4.0564e-02
 170.5000 3.8021e-02 3.2109e-02 4.3725e-02 3.2231e-02 4.3343e-02 3.6826e-02 4.0073e-02
 170.7500 3.7563e-02 3.1721e-02 4.3198e-02 3.1841e-02 4.2822e-02 3.6382e-02 3.9588e-02
 171.0000 3.7110e-02 3.1338e-02 4.2679e-02 3.1457e-02 4.2308e-02 3.5945e-02 3.9109e-02
 171.2500 3.6664e-02 3.0960e-02 4.2166e-02 3.1078e-02 4.1800e-02 3.5513e-02 3.8637e-02
 171.5000 3.6223e-02 3.0587e-02 4.1660e-02 3.0703e-02 4.1299e-02 3.5086e-02 3.8171e-02
 171.7500 3.5789e-02 3.0219e-02 4.1160e-02 3.0333e-02 4.0805e-02 3.4666e-02 3.7711e-02
 172.0000 3.5359e-02 2.9856e-02 4.0668e-02 2.9969e-02 4.0317e-02 3.4250e-02 3.7257e-02
 172.2500 3.4936e-02 2.9497e-02 4.0181e-02 2.9609e-02 3.9835e-02 3.3840e-02 3.6809e-02
 172.5000 3.4517e-02 2.9143e-02 3.9701e-02 2.9253e-02 3.9359e-02 3.3436e-02 3.6367e-02
 172.7500 3.4105e-02 2.8794e-02 3.9226e-02 2.8903e-02 3.8890e-02 3.3037e-02 3.5930e-02
 173.0000 3.3697e-02 2.8449e-02 3.8759e-02 2.8556e-02 3.8427e-02 3.2642e-02 3.5499e-02
 173.2500 3.3295e-02 2.8109e-02 3.8297e-02 2.8214e-02 3.7970e-02 3.2254e-02 3.5074e-02
 173.5000 3.2898e-02 2.7773e-02 3.7841e-02 2.7877e-02 3.7518e-02 3.1870e-02 3.4654e-02
 173.7500 3.2506e-02 2.7441e-02 3.7391e-02 2.7544e-02 3.7073e-02 3.1491e-02 3.4240e-02
 174.0000 3.2119e-02 2.7114e-02 3.6946e-02 2.7216e-02 3.6633e-02 3.1117e-02 3.3831e-02
 174.2500 3.1738e-02 2.6791e-02 3.6508e-02 2.6891e-02 3.6198e-02 3.0747e-02 3.3427e-02
 174.5000 3.1360e-02 2.6472e-02 3.6075e-02 2.6571e-02 3.5770e-02 3.0383e-02 3.3029e-02
 174.7500 3.0988e-02 2.6157e-02 3.5647e-02 2.6255e-02 3.5346e-02 3.0023e-02 3.2635e-02
 175.0000 3.0621e-02 2.5847e-02 3.5225e-02 2.5943e-02 3.4929e-02 2.9668e-02 3.2247e-02
 175.2500 3.0258e-02 2.5540e-02 3.4809e-02 2.5635e-02 3.4516e-02 2.9317e-02 3.1864e-02
 175.5000 2.9900e-02 2.5237e-02 3.4398e-02 2.5330e-02 3.4109e-02 2.8971e-02 3.1485e-02
 175.7500 2.9547e-02 2.4938e-02 3.3992e-02 2.5030e-02 3.3707e-02 2.8630e-02 3.1112e-02
 176.0000 2.9198e-02 2.4643e-02 3.3591e-02 2.4734e-02 3.3310e-02 2.8293e-02 3.0743e-02
 176.2500 2.8854e-02 2.4351e-02 3.3195e-02 2.4441e-02 3.2918e-02 2.7960e-02 3.0379e-02
 176.5000 2.8513e-02 2.4064e-02 3.2804e-02 2.4152e-02 3.2531e-02 2.7631e-02 3.0020e-02
 176.7500 2.8178e-02 2.3780e-02 3.2419e-02 2.3867e-02 3.2149e-02 2.7306e-02 2.9665e-02
 177.0000 2.7846e-02 2.3499e-02 3.2038e-02 2.3585e-02 3.1772e-02 2.6986e-02 2.9315e-02
 177.2500 2.7519e-02 2.3223e-02 3.1662e-02 2.3307e-02 3.1400e-02 2.6670e-02 2.8969e-02
 177.5000 2.7195e-02 2.2949e-02 3.1291e-02 2.3033e-02 3.1032e-02 2.6357e-02 2.8628e-02
 177.7500 2.6876e-02 2.2679e-02 3.0924e-02 2.2762e-02 3.0669e-02 2.6049e-02 2.8290e-02
 178.0000 2.6561e-02 2.2413e-02 3.0562e-02 2.2494e-02 3.0311e-02 2.5745e-02 2.7958e-02
 178.2500 2.6250e-02 2.2150e-02 3.0205e-02 2.2230e-02 2.9957e-02 2.5444e-02 2.7629e-02
 178.5000 2.5943e-02 2.1890e-02 2.9852e-02 2.1969e-02 2.9607e-02 2.5147e-02 2.7305e-02
 178.7500 2.5639e-02 2.1634e-02 2.9504e-02 2.1712e-02 2.9262e-02 2.4854e-02 2.6985e-02
 179.0000 2.5340e-02 2.1380e-02 2.9160e-02 2.1457e-02 2.8921e-02 2.4565e-02 2.6668e-02
 179.2500 2.5044e-02 2.1130e-02 2.8820e-02 2.1206e-02 2.8585e-02 2.4279e-02 2.6356e-02
 179.5000 2.4752e-02 2.0884e-02 2.8484e-02 2.0958e-02 2.8252e-02 2.3997e-02 2.6048e-02
 179.7500 2.4464e-02 2.0640e-02 2.8153e-02 2.0713e-02 2.7924e-02 2.3718e-02 2.5743e-02
 180.0000 2.4179e-02 2.0399e-02 2.7826e-02 2.0471e-02 2.7600e-02 2.3443e-02 2.5443e-02
 180.2500 2.3898e-02 2.0161e-02 2.7503e-02 2.0233e-02 2.7280e-02 2.3172e-02 2.5146e-02
 180.5000 2.3620e-02 1.9926e-02 2.7184e-02 1.9997e-02 2.6964e-02 2.2903e-02 2.4853e-02
 180.7500 2.3346e-02 1.9695e-02 2.6869e-02 1.9764e-02 2.6652e-02 2.2638e-02 2.4563e-02
 181.0000 2.3075e-02 1.9466e-02 2.6558e-02 1.9534e-02 2.6343e-02 2.2377e-02 2.4277e-02
 181.2500 2.2807e-02 1.9240e-02 2.6250e-02 1.9307e-02 2.6039e-02 2.2118e-02 2.3995e-02
 181.5000 2.2543e-02 1.9016e-02 2.5947e-02 1.9082e-02 2.5738e-02 2.1863e-02 2.3716e-02
 181.7500 2.2282e-02 1.8796e-02 2.5647e-02 1.8861e-02 2.5441e-02 2.1611e-02 2.3441e-02
 182.0000 2.2024e-02 1.8578e-02 2.5351e-02 1.8642e-02 2.5148e-02 2.1362e-02 2.3169e-02
 182.2500 2.1770e-02 1.8363e-02 2.5059e-02 1.8426e-02 2.4858e-02 2.1116e-02 2.2901e-02
 182.5000 2.1518e-02 1.8150e-02 2.4770e-02 1.8213e-02 2.4572e-02 2.0874e-02 2.2636e-02
 182.7500 2.1270e-02 1.7941e-02 2.4485e-02 1.8002e-02 2.4289e-02 2.0634e-02 2.2374e-02
 183.0000 2.1025e-02 1.7733e-02 2.4203e-02 1.7794e-02 2.4010e-02 2.0397e-02 2.2115e-02
 183.2500 2.0783e-02 1.7529e-02 2.3925e-02 1.7588e-02 2.3734e-02 2.0163e-02 2.1860e-02
 183.5000 2.0543e-02 1.7326e-02 2.3650e-02 1.7385e-02 2.3462e-02 1.9932e-02 2.1608e-02
 183.7500 2.0307e-02 1.7127e-02 2.3378e-02 1.7184e-02 2.3193e-02 1.9704e-02 2.1358e-02
 184.0000 2.0074e-02 1.6930e-02 2.3110e-02 1.6986e-02 2.2927e-02 1.9478e-02 2.1112e-02
 184.2500 1.9843e-02 1.6735e-02 2.2845e-02 1.6791e-02 2.2664e-02 1.9256e-02 2.0869e-02
 184.5000 1.9615e-02 1.6542e-02 2.2584e-02 1.6597e-02 2.2405e-02 1.9036e-02 2.0629e-02
 184.7500 1.9390e-02 1.6352e-02 2.2325e-02 1.6406e-02 2.2149e-02 1.8818e-02 2.0392e-02
 185.0000 1.9168e-02 1.6164e-02 2.2070e-02 1.6218e-02 2.1896e-02 1.8604e-02 2.0158e-02
 185.2500 1.8948e-02 1.5979e-02 2.1818e-02 1.6031e-02 2.1646e-02 1.8392e-02 1.9927e-02
 185.5000 1.8731e-02 1.5795e-02 2.1568e-02 1.5847e-02 2.1399e-02 1.8182e-02 1.9698e-02
 185.7500 1.8517e-02 1.5614e-02 2.1322e-02 1.5665e-02 2.1154e-02 1.7975e-02 1.9472e-02
 186.0000 1.8305e-02 1.5435e-02 2.1079e-02 1.5486e-02 2.0913e-02 1.7770e-02 1.9249e-02
 186.2500 1.8096e-02 1.5259e-02 2.0838e-02 1.5308e-02 2.0675e-02 1.7568e-02 1.9029e-02
 186.5000 1.7889e-02 1.5084e-02 2.0601e-02 1.5133e-02 2.0439e-02 1.7368e-02 1.8811e-02
 186.7500 1.7684e-02 1.4911e-02 2.0366e-02 1.4959e-02 2.0206e-02 1.7171e-02 1.8596e-02
 187.0000 1.7483e-02 1.4741e-02 2.0134e-02 1.4788e-02 1.9976e-02 1.6976e-02 1.8383e-02
 187.2500 1.7283e-02 1.4572e-02 1.9905e-02 1.4619e-02 1.9749e-02 1.6783e-02 1.8173e-02
 187.5000 1.7086e-02 1.4406e-02 1.9679e-02 1.4451e-02 1.9525e-02 1.6593e-02 1.7966e-02
 187.7500 1.6891e-02 1.4241e-02 1.9455e-02 1.4286e-02 1.9303e-02 1.6404e-02 1.7761e-02
 188.0000 1.6699e-02 1.4079e-02 1.9234e-02 1.4123e-02 1.9084e-02 1.6218e-02 1.7558e-02
 188.2500 1.6508e-02 1.3918e-02 1.9015e-02 1.3962e-02 1.8867e-02 1.6035e-02 1.7358e-02
 188.5000 1.6321e-02 1.3759e-02 1.8800e-02 1.3802e-02 1.8653e-02 1.5853e-02 1.7160e-02
 188.7500 1.6135e-02 1.3602e-02 1.8586e-02 1.3645e-02 1.8441e-02 1.5674e-02 1.6965e-02
 189.0000 1.5951e-02 1.3447e-02 1.8376e-02 1.3489e-02 1.8232e-02 1.5496e-02 1.6772e-02
 189.2500 1.5770e-02 1.3294e-02 1.8167e-02 1.3335e-02 1.8026e-02 1.5321e-02 1.6581e-02
 189.5000 1.5591e-02 1.3143e-02 1.7962e-02 1.3184e-02 1.7822e-02 1.5148e-02 1.6393e-02
 189.7500 1.5414e-02 1.2994e-02 1.7758e-02 1.3033e-02 1.7620e-02 1.4977e-02 1.6207e-02
 190.0000 1.5239e-02 1.2846e-02 1.7558e-02 1.2885e-02 1.7421e-02 1.4808e-02 1.6023e-02
 190.2500 1.5066e-02 1.2700e-02 1.7359e-02 1.2738e-02 1.7224e-02 1.4641e-02 1.5841e-02
 190.5000 1.4896e-02 1.2556e-02 1.7163e-02 1.2594e-02 1.7030e-02 1.4476e-02 1.5662e-02
 190.7500 1.4727e-02 1.2413e-02 1.6969e-02 1.2451e-02 1.6837e-02 1.4312e-02 1.5484e-02
 191.0000 1.4560e-02 1.2272e-02 1.6778e-02 1.2309e-02 1.6647e-02 1.4151e-02 1.5309e-02
 191.2500 1.4395e-02 1.2133e-02 1.6588e-02 1.2169e-02 1.6460e-02 1.3992e-02 1.5136e-02
 191.5000 1.4233e-02 1.1996e-02 1.6401e-02 1.2031e-02 1.6274e-02 1.3834e-02 1.4965e-02
 191.7500 1.4072e-02 1.1860e-02 1.6217e-02 1.1895e-02 1.6091e-02 1.3679e-02 1.4796e-02
 192.0000 1.3913e-02 1.1726e-02 1.6034e-02 1.1760e-02 1.5910e-02 1.3525e-02 1.4628e-02
 192.2500 1.3756e-02 1.1593e-02 1.5854e-02 1.1627e-02 1.5731e-02 1.3373e-02 1.4463e-02
 192.5000 1.3600e-02 1.1462e-02 1.5675e-02 1.1495e-02 1.5554e-02 1.3223e-02 1.4300e-02
 192.7500 1.3447e-02 1.1332e-02 1.5499e-02 1.1365e-02 1.5379e-02 1.3074e-02 1.4139e-02
 193.0000 1.3295e-02 1.1204e-02 1.5325e-02 1.1237e-02 1.5206e-02 1.2928e-02 1.3980e-02
 193.2500 1.3146e-02 1.1078e-02 1.5153e-02 1.1110e-02 1.5036e-02 1.2783e-02 1.3822e-02
 193.5000 1.2998e-02 1.0953e-02 1.4983e-02 1.0984e-02 1.4867e-02 1.2640e-02 1.3667e-02
 193.7500 1.2851e-02 1.0829e-02 1.4815e-02 1.0860e-02 1.4700e-02 1.2498e-02 1.3513e-02
 194.0000 1.2707e-02 1.0707e-02 1.4649e-02 1.0738e-02 1.4535e-02 1.2358e-02 1.3362e-02
 194.2500 1.2564e-02 1.0586e-02 1.4485e-02 1.0617e-02 1.4372e-02 1.2220e-02 1.3211e-02
 194.5000 1.2423e-02 1.0467e-02 1.4323e-02 1.0497e-02 1.4212e-02 1.2083e-02 1.3063e-02
 194.7500 1.2283e-02 1.0349e-02 1.4163e-02 1.0379e-02 1.4053e-02 1.1948e-02 1.2917e-02
 195.0000 1.2145e-02 1.0233e-02 1.4004e-02 1.0262e-02 1.3895e-02 1.1815e-02 1.2772e-02
 195.2500 1.2009e-02 1.0118e-02 1.3848e-02 1.0146e-02 1.3740e-02 1.1683e-02 1.2629e-02
 195.5000 1.1874e-02 1.0004e-02 1.3693e-02 1.0032e-02 1.3587e-02 1.1553e-02 1.2488e-02
 195.7500 1.1742e-02 9.8920e-03 1.3540e-02 9.9194e-03 1.3435e-02 1.1424e-02 1.2348e-02
 196.0000 1.1610e-02 9.7810e-03 1.3389e-02 9.8080e-03 1.3285e-02 1.1297e-02 1.2210e-02
 196.2500 1.1480e-02 9.6713e-03 1.3240e-02 9.6979e-03 1.3137e-02 1.1171e-02 1.2073e-02
 196.5000 1.1352e-02 9.5628e-03 1.3093e-02 9.5891e-03 1.2991e-02 1.1047e-02 1.1939e-02
 196.7500 1.1225e-02 9.4557e-03 1.2947e-02 9.4815e-03 1.2846e-02 1.0924e-02 1.1806e-02
 197.0000 1.1099e-02 9.3498e-03 1.2803e-02 9.3752e-03 1.2703e-02 1.0802e-02 1.1674e-02
 197.2500 1.0975e-02 9.2452e-03 1.2660e-02 9.2702e-03 1.2562e-02 1.0682e-02 1.1544e-02
 197.5000 1.0853e-02 9.1418e-03 1.2520e-02 9.1664e-03 1.2422e-02 1.0564e-02 1.1415e-02
 197.7500 1.0732e-02 9.0396e-03 1.2381e-02 9.0639e-03 1.2284e-02 1.0446e-02 1.1288e-02
 198.0000 1.0612e-02 8.9386e-03 1.2243e-02 8.9625e-03 1.2148e-02 1.0330e-02 1.1163e-02
 198.2500 1.0494e-02 8.8388e-03 1.2108e-02 8.8624e-03 1.2013e-02 1.0216e-02 1.1039e-02
 198.5000 1.0377e-02 8.7402e-03 1.1973e-02 8.7634e-03 1.1880e-02 1.0103e-02 1.0916e-02
 198.7500 1.0262e-02 8.6427e-03 1.1841e-02 8.6655e-03 1.1748e-02 9.9910e-03 1.0795e-02
 199.0000 1.0148e-02 8.5464e-03 1.1710e-02 8.5689e-03 1.1618e-02 9.8805e-03 1.0675e-02
 199.2500 1.0035e-02 8.4512e-03 1.1580e-02 8.4733e-03 1.1489e-02 9.7712e-03 1.0557e-02
 199.5000 9.9236e-03 8.3571e-03 1.1452e-02 8.3789e-03 1.1362e-02 9.6632e-03 1.0440e-02
 199.7500 9.8134e-03 8.2642e-03 1.1326e-02 8.2856e-03 1.1237e-02 9.5565e-03 1.0325e-02
 200.0000 9.7046e-03 8.1723e-03 1.1200e-02 8.1934e-03 1.1112e-02 9.4510e-03 1.0210e-02
