   0.0000 0.0000e+00 0.0000e+00 0.0000e+00 0.0000e+00 0.0000e+00 0.0000e+00 0.0000e+00
   0.2500 2.9674e+08 1.3604e+08 9.9007e+08 1.5069e+08 9.9007e+08 2.2971e+08 2.9674e+08
   0.5000 5.2205e+08 2.4507e+08 1.5547e+09 2.5017e+08 1.5547e+09 4.6914e+08 5.2205e+08
   0.7500 7.1245e+08 2.1657e+08 1.9507e+09 2.3101e+08 1.9481e+09 5.9365e+08 7.9321e+08
   1.0000 8.4108e+08 1.7621e+08 2.1790e+09 2.0002e+08 2.1640e+09 6.6472e+08 1.0411e+09
   1.2500 8.8302e+08 1.4463e+08 2.1851e+09 1.7312e+08 2.1574e+09 6.7990e+08 1.1498e+09
   1.5000 8.4775e+08 1.2586e+08 2.0078e+09 1.5401e+08 1.9746e+09 6.4813e+08 1.1236e+09
   1.7500 7.6465e+08 1.2269e+08 1.7364e+09 1.4785e+08 1.7036e+09 5.8670e+08 1.0148e+09
   2.0000 6.6212e+08 1.3586e+08 1.4453e+09 1.5759e+08 1.4163e+09 5.1246e+08 8.7339e+08
   2.2500 5.5897e+08 1.4863e+08 1.1765e+09 1.6710e+08 1.1522e+09 4.3724e+08 7.3062e+08
   2.5000 4.6489e+08 1.4952e+08 9.4643e+08 1.6488e+08 9.2663e+08 3.6767e+08 6.0156e+08
   2.7500 3.8357e+08 1.4077e+08 7.5751e+08 1.5329e+08 7.4165e+08 3.0660e+08 4.9134e+08
   3.0000 3.1533e+08 1.2849e+08 6.0574e+08 1.3865e+08 5.9311e+08 2.5455e+08 4.0007e+08
   3.2500 2.5897e+08 1.1508e+08 4.8507e+08 1.2333e+08 4.7501e+08 2.1096e+08 3.2565e+08
   3.5000 2.1282e+08 1.0165e+08 3.8946e+08 1.0835e+08 3.8145e+08 1.7481e+08 2.6541e+08
   3.7500 1.7520e+08 8.9038e+07 3.1384e+08 9.4494e+07 3.0744e+08 1.4503e+08 2.1683e+08
   4.0000 1.4463e+08 7.7593e+07 2.5399e+08 8.2041e+07 2.4888e+08 1.2062e+08 1.7766e+08
   4.2500 1.1980e+08 6.7396e+07 2.0652e+08 7.1027e+07 2.0244e+08 1.0063e+08 1.4609e+08
   4.5000 9.9620e+07 5.8412e+07 1.6877e+08 6.1379e+07 1.6551e+08 8.4265e+07 1.2061e+08
   4.7500 8.3210e+07 5.0618e+07 1.3870e+08 5.3053e+07 1.3609e+08 7.0848e+07 1.0005e+08
   5.0000 6.9814e+07 4.3897e+07 1.1462e+08 4.5906e+07 1.1251e+08 5.9810e+07 8.3392e+07
   5.2500 5.8832e+07 3.8105e+07 9.5219e+07 3.9768e+07 9.3515e+07 5.0696e+07 6.9834e+07
   5.5000 4.9791e+07 3.3113e+07 7.9501e+07 3.4495e+07 7.8118e+07 4.3142e+07 5.8751e+07
   5.7500 4.2316e+07 2.8735e+07 6.6712e+07 2.9881e+07 6.5582e+07 3.6856e+07 4.9654e+07
   6.0000 3.6108e+07 2.4749e+07 5.6248e+07 2.5681e+07 5.5321e+07 3.1602e+07 4.2148e+07
   6.2500 3.0928e+07 2.1387e+07 4.7639e+07 2.2148e+07 4.6875e+07 2.7194e+07 3.5924e+07
   6.5000 2.6589e+07 1.8542e+07 4.0521e+07 1.9166e+07 3.9889e+07 2.3481e+07 3.0740e+07
   6.7500 2.2939e+07 1.6126e+07 3.4607e+07 1.6640e+07 3.4081e+07 2.0342e+07 2.6403e+07
   7.0000 1.9859e+07 1.4066e+07 2.9672e+07 1.4492e+07 2.9233e+07 1.7680e+07 2.2762e+07
   7.2500 1.7248e+07 1.2305e+07 2.5535e+07 1.2658e+07 2.5167e+07 1.5414e+07 1.9691e+07
   7.5000 1.5028e+07 1.0793e+07 2.2053e+07 1.1088e+07 2.1743e+07 1.3477e+07 1.7092e+07
   7.7500 1.3132e+07 9.4932e+06 1.9111e+07 9.7390e+06 1.8849e+07 1.1817e+07 1.4882e+07
   8.0000 1.1508e+07 8.3713e+06 1.6616e+07 8.5775e+06 1.6394e+07 1.0389e+07 1.2998e+07
   8.2500 1.0113e+07 7.4008e+06 1.4492e+07 7.5744e+06 1.4303e+07 9.1586e+06 1.1386e+07
   8.5000 8.9124e+06 6.5589e+06 1.2678e+07 6.7055e+06 1.2517e+07 8.0947e+06 1.0003e+07
   8.7500 7.8748e+06 5.8264e+06 1.1124e+07 5.9507e+06 1.0985e+07 7.1722e+06 8.8130e+06
   9.0000 6.9754e+06 5.1875e+06 9.7870e+06 5.2931e+06 9.6679e+06 6.3700e+06 7.7852e+06
   9.2500 6.1937e+06 4.6286e+06 8.6347e+06 4.7187e+06 8.5319e+06 5.6704e+06 6.8947e+06
   9.5000 5.5122e+06 4.1386e+06 7.6384e+06 4.2156e+06 7.5493e+06 5.0586e+06 6.1210e+06
   9.7500 4.9164e+06 3.7080e+06 6.7745e+06 3.7740e+06 6.6972e+06 4.5223e+06 5.4467e+06
  10.0000 4.3946e+06 3.3287e+06 6.0227e+06 3.3856e+06 5.9554e+06 4.0512e+06 4.8577e+06
  10.2500 3.9364e+06 2.9941e+06 5.3662e+06 3.0431e+06 5.3074e+06 3.6364e+06 4.3421e+06
  10.5000 3.5332e+06 2.6981e+06 4.7915e+06 2.7406e+06 4.7400e+06 3.2704e+06 3.8895e+06
  10.7500 3.1775e+06 2.4358e+06 4.2873e+06 2.4726e+06 4.2420e+06 2.9468e+06 3.4912e+06
  11.0000 2.8630e+06 2.2028e+06 3.8440e+06 2.2348e+06 3.8041e+06 2.6600e+06 3.1399e+06
  11.2500 2.5843e+06 1.9954e+06 3.4535e+06 2.0233e+06 3.4182e+06 2.4052e+06 2.8294e+06
  11.5000 2.3369e+06 1.8104e+06 3.1088e+06 1.8348e+06 3.0776e+06 2.1786e+06 2.5543e+06
  11.7500 2.1168e+06 1.6452e+06 2.8040e+06 1.6666e+06 2.7763e+06 1.9765e+06 2.3100e+06
  12.0000 1.9206e+06 1.4973e+06 2.5339e+06 1.5161e+06 2.5092e+06 1.7960e+06 2.0927e+06
  12.2500 1.7453e+06 1.3648e+06 2.2937e+06 1.3813e+06 2.2717e+06 1.6344e+06 1.8990e+06
  12.5000 1.5885e+06 1.2458e+06 2.0797e+06 1.2603e+06 2.0600e+06 1.4896e+06 1.7260e+06
  12.7500 1.4479e+06 1.1387e+06 1.8886e+06 1.1516e+06 1.8710e+06 1.3596e+06 1.5712e+06
  13.0000 1.3217e+06 1.0423e+06 1.7177e+06 1.0537e+06 1.7019e+06 1.2426e+06 1.4324e+06
  13.2500 1.2082e+06 9.5533e+05 1.5647e+06 9.6547e+05 1.5505e+06 1.1373e+06 1.3078e+06
  13.5000 1.1059e+06 8.7671e+05 1.4274e+06 8.8574e+05 1.4146e+06 1.0422e+06 1.1958e+06
  13.7500 1.0137e+06 8.0556e+05 1.3040e+06 8.1362e+05 1.2924e+06 9.5635e+05 1.0948e+06
  14.0000 9.3033e+05 7.4108e+05 1.1930e+06 7.4828e+05 1.1825e+06 8.7864e+05 1.0038e+06
  14.2500 8.5492e+05 6.8255e+05 1.0929e+06 6.8899e+05 1.0834e+06 8.0823e+05 9.2148e+05
  14.5000 7.8660e+05 6.2936e+05 1.0026e+06 6.3514e+05 9.9400e+05 7.4435e+05 8.4703e+05
  14.7500 7.2458e+05 5.8096e+05 9.2095e+05 5.8615e+05 9.1310e+05 6.8630e+05 7.7952e+05
  15.0000 6.6820e+05 5.3686e+05 8.4696e+05 5.4154e+05 8.3981e+05 6.3346e+05 7.1824e+05
  15.2500 6.1689e+05 4.9663e+05 7.7984e+05 5.0085e+05 7.7332e+05 5.8531e+05 6.6251e+05
  15.5000 5.7012e+05 4.5990e+05 7.1887e+05 4.6371e+05 7.1291e+05 5.4139e+05 6.1179e+05
  15.7500 5.2746e+05 4.2630e+05 6.6341e+05 4.2975e+05 6.5796e+05 5.0127e+05 5.6556e+05
  16.0000 4.8849e+05 3.9555e+05 6.1290e+05 3.9868e+05 6.0791e+05 4.6458e+05 5.2338e+05
  16.2500 4.5285e+05 3.6737e+05 5.6685e+05 3.7020e+05 5.6227e+05 4.3101e+05 4.8484e+05
  16.5000 4.2023e+05 3.4151e+05 5.2480e+05 3.4409e+05 5.2059e+05 4.0024e+05 4.4960e+05
  16.7500 3.9034e+05 3.1776e+05 4.8637e+05 3.2010e+05 4.8249e+05 3.7203e+05 4.1734e+05
  17.0000 3.6292e+05 2.9592e+05 4.5120e+05 2.9806e+05 4.4763e+05 3.4612e+05 3.8776e+05
  17.2500 3.3774e+05 2.7582e+05 4.1898e+05 2.7777e+05 4.1568e+05 3.2231e+05 3.6063e+05
  17.5000 3.1459e+05 2.5731e+05 3.8943e+05 2.5909e+05 3.8638e+05 3.0041e+05 3.3572e+05
  17.7500 2.9330e+05 2.4023e+05 3.6229e+05 2.4186e+05 3.5948e+05 2.8024e+05 3.1280e+05
  18.0000 2.7366e+05 2.2447e+05 3.3735e+05 2.2596e+05 3.3475e+05 2.6163e+05 2.9170e+05
  18.2500 2.5554e+05 2.0990e+05 3.1440e+05 2.1127e+05 3.1198e+05 2.4444e+05 2.7223e+05
  18.5000 2.3881e+05 1.9642e+05 2.9326e+05 1.9768e+05 2.9101e+05 2.2855e+05 2.5427e+05
  18.7500 2.2334e+05 1.8395e+05 2.7376e+05 1.8511e+05 2.7168e+05 2.1386e+05 2.3768e+05
  19.0000 2.0903e+05 1.7239e+05 2.5577e+05 1.7346e+05 2.5383e+05 2.0025e+05 2.2234e+05
  19.2500 1.9577e+05 1.6167e+05 2.3915e+05 1.6266e+05 2.3735e+05 1.8765e+05 2.0815e+05
  19.5000 1.8349e+05 1.5173e+05 2.2378e+05 1.5264e+05 2.2210e+05 1.7596e+05 1.9500e+05
  19.7500 1.7210e+05 1.4249e+05 2.0956e+05 1.4333e+05 2.0799e+05 1.6511e+05 1.8282e+05
  20.0000 1.6154e+05 1.3391e+05 1.9638e+05 1.3468e+05 1.9492e+05 1.5504e+05 1.7152e+05
  20.2500 1.5172e+05 1.2592e+05 1.8417e+05 1.2664e+05 1.8280e+05 1.4568e+05 1.6103e+05
  20.5000 1.4259e+05 1.1849e+05 1.7283e+05 1.1915e+05 1.7156e+05 1.3697e+05 1.5129e+05
  20.7500 1.3410e+05 1.1156e+05 1.6231e+05 1.1218e+05 1.6111e+05 1.2887e+05 1.4223e+05
  21.0000 1.2620e+05 1.0511e+05 1.5253e+05 1.0568e+05 1.5141e+05 1.2132e+05 1.3380e+05
  21.2500 1.1885e+05 9.9087e+04 1.4343e+05 9.9619e+04 1.4238e+05 1.1429e+05 1.2595e+05
  21.5000 1.1199e+05 9.3467e+04 1.3496e+05 9.3961e+04 1.3398e+05 1.0774e+05 1.1864e+05
  21.7500 1.0559e+05 8.8215e+04 1.2707e+05 8.8676e+04 1.2615e+05 1.0161e+05 1.1182e+05
  22.0000 9.9610e+04 8.3305e+04 1.1972e+05 8.3734e+04 1.1885e+05 9.5894e+04 1.0546e+05
  22.2500 9.4024e+04 7.8710e+04 1.1286e+05 7.9110e+04 1.1204e+05 9.0547e+04 9.9516e+04
  22.5000 8.8801e+04 7.4409e+04 1.0646e+05 7.4782e+04 1.0569e+05 8.5544e+04 9.3960e+04
  22.7500 8.3914e+04 7.0379e+04 1.0047e+05 7.0728e+04 9.9748e+04 8.0861e+04 8.8763e+04
  23.0000 7.9339e+04 6.6603e+04 9.4882e+04 6.6929e+04 9.4198e+04 7.6475e+04 8.3900e+04
  23.2500 7.5052e+04 6.3060e+04 8.9651e+04 6.3365e+04 8.9005e+04 7.2363e+04 7.9346e+04
  23.5000 7.1034e+04 5.9736e+04 8.4755e+04 6.0022e+04 8.4145e+04 6.8508e+04 7.5078e+04
  23.7500 6.7264e+04 5.6614e+04 8.0169e+04 5.6882e+04 7.9592e+04 6.4890e+04 7.1077e+04
  24.0000 6.3727e+04 5.3682e+04 7.5870e+04 5.3933e+04 7.5326e+04 6.1493e+04 6.7323e+04
  24.2500 6.0405e+04 5.0925e+04 7.1839e+04 5.1161e+04 7.1324e+04 5.8302e+04 6.3799e+04
  24.5000 5.7284e+04 4.8333e+04 6.8057e+04 4.8555e+04 6.7569e+04 5.5303e+04 6.0488e+04
  24.7500 5.4349e+04 4.5894e+04 6.4505e+04 4.6102e+04 6.4043e+04 5.2482e+04 5.7377e+04
  25.0000 5.1589e+04 4.3597e+04 6.1168e+04 4.3794e+04 6.0730e+04 4.9828e+04 5.4452e+04
  25.2500 4.8991e+04 4.1434e+04 5.8031e+04 4.1619e+04 5.7616e+04 4.7330e+04 5.1699e+04
  25.5000 4.6545e+04 3.9396e+04 5.5081e+04 3.9570e+04 5.4687e+04 4.4977e+04 4.9108e+04
  25.7500 4.4241e+04 3.7474e+04 5.2304e+04 3.7639e+04 5.1930e+04 4.2759e+04 4.6668e+04
  26.0000 4.2068e+04 3.5662e+04 4.9689e+04 3.5817e+04 4.9334e+04 4.0668e+04 4.4368e+04
  26.2500 4.0020e+04 3.3951e+04 4.7226e+04 3.4097e+04 4.6888e+04 3.8696e+04 4.2200e+04
  26.5000 3.8087e+04 3.2334e+04 4.4904e+04 3.2472e+04 4.4583e+04 3.6834e+04 4.0154e+04
  26.7500 3.6262e+04 3.0807e+04 4.2714e+04 3.0937e+04 4.2409e+04 3.5076e+04 3.8223e+04
  27.0000 3.4538e+04 2.9363e+04 4.0649e+04 2.9486e+04 4.0358e+04 3.3414e+04 3.6400e+04
  27.2500 3.2909e+04 2.7997e+04 3.8699e+04 2.8114e+04 3.8422e+04 3.1844e+04 3.4677e+04
  27.5000 3.1369e+04 2.6704e+04 3.6857e+04 2.6815e+04 3.6594e+04 3.0360e+04 3.3049e+04
  27.7500 2.9913e+04 2.5480e+04 3.5117e+04 2.5585e+04 3.4866e+04 2.8955e+04 3.1509e+04
  28.0000 2.8534e+04 2.4322e+04 3.3473e+04 2.4421e+04 3.3234e+04 2.7626e+04 3.0052e+04
  28.2500 2.7230e+04 2.3224e+04 3.1917e+04 2.3318e+04 3.1689e+04 2.6367e+04 2.8673e+04
  28.5000 2.5994e+04 2.2183e+04 3.0446e+04 2.2272e+04 3.0228e+04 2.5174e+04 2.7368e+04
  28.7500 2.4823e+04 2.1196e+04 2.9053e+04 2.1281e+04 2.8845e+04 2.4044e+04 2.6131e+04
  29.0000 2.3713e+04 2.0260e+04 2.7733e+04 2.0340e+04 2.7536e+04 2.2973e+04 2.4959e+04
  29.2500 2.2661e+04 1.9372e+04 2.6484e+04 1.9448e+04 2.6295e+04 2.1956e+04 2.3848e+04
  29.5000 2.1662e+04 1.8528e+04 2.5299e+04 1.8601e+04 2.5118e+04 2.0992e+04 2.2794e+04
  29.7500 2.0715e+04 1.7727e+04 2.4176e+04 1.7796e+04 2.4003e+04 2.0077e+04 2.1794e+04
  30.0000 1.9816e+04 1.6967e+04 2.3110e+04 1.7032e+04 2.2945e+04 1.9208e+04 2.0844e+04
  30.2500 1.8961e+04 1.6244e+04 2.2099e+04 1.6306e+04 2.1941e+04 1.8382e+04 1.9943e+04
  30.5000 1.8149e+04 1.5556e+04 2.1139e+04 1.5616e+04 2.0988e+04 1.7598e+04 1.9086e+04
  30.7500 1.7378e+04 1.4903e+04 2.0227e+04 1.4959e+04 2.0083e+04 1.6852e+04 1.8273e+04
  31.0000 1.6644e+04 1.4281e+04 1.9361e+04 1.4335e+04 1.9223e+04 1.6143e+04 1.7499e+04
  31.2500 1.5946e+04 1.3689e+04 1.8537e+04 1.3741e+04 1.8405e+04 1.5468e+04 1.6763e+04
  31.5000 1.5282e+04 1.3126e+04 1.7754e+04 1.3175e+04 1.7628e+04 1.4826e+04 1.6063e+04
  31.7500 1.4650e+04 1.2590e+04 1.7009e+04 1.2636e+04 1.6888e+04 1.4214e+04 1.5397e+04
  32.0000 1.4049e+04 1.2078e+04 1.6301e+04 1.2123e+04 1.6184e+04 1.3632e+04 1.4762e+04
  32.2500 1.3475e+04 1.1591e+04 1.5626e+04 1.1634e+04 1.5515e+04 1.3077e+04 1.4158e+04
  32.5000 1.2929e+04 1.1127e+04 1.4984e+04 1.1167e+04 1.4877e+04 1.2549e+04 1.3583e+04
  32.7500 1.2409e+04 1.0684e+04 1.4372e+04 1.0723e+04 1.4270e+04 1.2045e+04 1.3035e+04
  33.0000 1.1912e+04 1.0261e+04 1.3790e+04 1.0298e+04 1.3691e+04 1.1564e+04 1.2512e+04
  33.2500 1.1439e+04 9.8579e+03 1.3234e+04 9.8933e+03 1.3140e+04 1.1106e+04 1.2013e+04
  33.5000 1.0987e+04 9.4729e+03 1.2705e+04 9.5068e+03 1.2614e+04 1.0669e+04 1.1538e+04
  33.7500 1.0556e+04 9.1052e+03 1.2200e+04 9.1376e+03 1.2113e+04 1.0251e+04 1.1084e+04
  34.0000 1.0145e+04 8.7540e+03 1.1718e+04 8.7850e+03 1.1634e+04 9.8526e+03 1.0651e+04
  34.2500 9.7517e+03 8.4184e+03 1.1258e+04 8.4481e+03 1.1178e+04 9.4719e+03 1.0237e+04
  34.5000 9.3763e+03 8.0977e+03 1.0820e+04 8.1262e+03 1.0742e+04 9.1082e+03 9.8423e+03
  34.7500 9.0176e+03 7.7911e+03 1.0400e+04 7.8184e+03 1.0326e+04 8.7606e+03 9.4650e+03
  35.0000 8.6748e+03 7.4979e+03 1.0000e+04 7.5240e+03 9.9287e+03 8.4284e+03 9.1043e+03
  35.2500 8.3470e+03 7.2174e+03 9.6177e+03 7.2424e+03 9.5489e+03 8.1107e+03 8.7595e+03
  35.5000 8.0335e+03 6.9491e+03 9.2521e+03 6.9730e+03 9.1859e+03 7.8068e+03 8.4298e+03
  35.7500 7.7336e+03 6.6922e+03 8.9026e+03 6.7152e+03 8.8388e+03 7.5160e+03 8.1144e+03
  36.0000 7.4467e+03 6.4463e+03 8.5683e+03 6.4684e+03 8.5069e+03 7.2378e+03 7.8127e+03
  36.2500 7.1720e+03 6.2109e+03 8.2486e+03 6.2320e+03 8.1894e+03 6.9714e+03 7.5239e+03
  36.5000 6.9090e+03 5.9853e+03 7.9426e+03 6.0056e+03 7.8856e+03 6.7163e+03 7.2475e+03
  36.7500 6.6572e+03 5.7692e+03 7.6497e+03 5.7888e+03 7.5948e+03 6.4720e+03 6.9828e+03
  37.0000 6.4159e+03 5.5622e+03 7.3693e+03 5.5809e+03 7.3163e+03 6.2380e+03 6.7292e+03
  37.2500 6.1847e+03 5.3637e+03 7.1007e+03 5.3817e+03 7.0496e+03 6.0137e+03 6.4863e+03
  37.5000 5.9631e+03 5.1733e+03 6.8434e+03 5.1906e+03 6.7942e+03 5.7987e+03 6.2534e+03
  37.7500 5.7507e+03 4.9908e+03 6.5969e+03 5.0074e+03 6.5494e+03 5.5926e+03 6.0303e+03
  38.0000 5.5470e+03 4.8157e+03 6.3606e+03 4.8317e+03 6.3147e+03 5.3949e+03 5.8163e+03
  38.2500 5.3516e+03 4.6477e+03 6.1340e+03 4.6631e+03 6.0898e+03 5.2052e+03 5.6110e+03
  38.5000 5.1642e+03 4.4865e+03 5.9167e+03 4.5013e+03 5.8740e+03 5.0233e+03 5.4141e+03
  38.7500 4.9843e+03 4.3317e+03 5.7084e+03 4.3459e+03 5.6671e+03 4.8486e+03 5.2252e+03
  39.0000 4.8117e+03 4.1830e+03 5.5084e+03 4.1968e+03 5.4686e+03 4.6810e+03 5.0439e+03
  39.2500 4.6459e+03 4.0403e+03 5.3166e+03 4.0535e+03 5.2781e+03 4.5201e+03 4.8698e+03
  39.5000 4.4868e+03 3.9031e+03 5.1325e+03 3.9159e+03 5.0953e+03 4.3655e+03 4.7027e+03
  39.7500 4.3339e+03 3.7714e+03 4.9558e+03 3.7836e+03 4.9198e+03 4.2170e+03 4.5422e+03
  40.0000 4.1870e+03 3.6447e+03 4.7861e+03 3.6565e+03 4.7513e+03 4.0744e+03 4.3880e+03
  40.2500 4.0459e+03 3.5230e+03 4.6231e+03 3.5344e+03 4.5895e+03 3.9373e+03 4.2399e+03
  40.5000 3.9102e+03 3.4059e+03 4.4665e+03 3.4169e+03 4.4340e+03 3.8055e+03 4.0975e+03
  40.7500 3.7798e+03 3.2933e+03 4.3160e+03 3.3039e+03 4.2846e+03 3.6788e+03 3.9607e+03
  41.0000 3.6545e+03 3.1850e+03 4.1714e+03 3.1952e+03 4.1410e+03 3.5569e+03 3.8291e+03
  41.2500 3.5339e+03 3.0808e+03 4.0323e+03 3.0907e+03 4.0029e+03 3.4398e+03 3.7025e+03
  41.5000 3.4179e+03 2.9805e+03 3.8987e+03 2.9901e+03 3.8702e+03 3.3270e+03 3.5808e+03
  41.7500 3.3063e+03 2.8840e+03 3.7701e+03 2.8932e+03 3.7426e+03 3.2185e+03 3.4637e+03
  42.0000 3.1988e+03 2.7911e+03 3.6464e+03 2.8000e+03 3.6198e+03 3.1141e+03 3.3510e+03
  42.2500 3.0954e+03 2.7016e+03 3.5274e+03 2.7102e+03 3.5016e+03 3.0136e+03 3.2426e+03
  42.5000 2.9959e+03 2.6155e+03 3.4129e+03 2.6238e+03 3.3879e+03 2.9168e+03 3.1381e+03
  42.7500 2.9001e+03 2.5324e+03 3.3027e+03 2.5405e+03 3.2784e+03 2.8236e+03 3.0376e+03
  43.0000 2.8077e+03 2.4525e+03 3.1965e+03 2.4602e+03 3.1731e+03 2.7339e+03 2.9408e+03
  43.2500 2.7188e+03 2.3754e+03 3.0943e+03 2.3829e+03 3.0716e+03 2.6474e+03 2.8475e+03
  43.5000 2.6331e+03 2.3011e+03 2.9959e+03 2.3084e+03 2.9738e+03 2.5640e+03 2.7576e+03
  43.7500 2.5505e+03 2.2295e+03 2.9011e+03 2.2366e+03 2.8797e+03 2.4837e+03 2.6710e+03
  44.0000 2.4709e+03 2.1605e+03 2.8097e+03 2.1673e+03 2.7890e+03 2.4063e+03 2.5875e+03
  44.2500 2.3941e+03 2.0939e+03 2.7216e+03 2.1005e+03 2.7015e+03 2.3316e+03 2.5071e+03
  44.5000 2.3201e+03 2.0297e+03 2.6367e+03 2.0360e+03 2.6172e+03 2.2596e+03 2.4295e+03
  44.7500 2.2487e+03 1.9677e+03 2.5549e+03 1.9739e+03 2.5360e+03 2.1902e+03 2.3547e+03
  45.0000 2.1799e+03 1.9079e+03 2.4760e+03 1.9139e+03 2.4576e+03 2.1232e+03 2.2825e+03
  45.2500 2.1134e+03 1.8502e+03 2.3999e+03 1.8560e+03 2.3821e+03 2.0586e+03 2.2128e+03
  45.5000 2.0493e+03 1.7945e+03 2.3264e+03 1.8001e+03 2.3092e+03 1.9962e+03 2.1457e+03
  45.7500 1.9875e+03 1.7408e+03 2.2556e+03 1.7462e+03 2.2388e+03 1.9360e+03 2.0808e+03
  46.0000 1.9277e+03 1.6889e+03 2.1872e+03 1.6941e+03 2.1709e+03 1.8779e+03 2.0182e+03
  46.2500 1.8701e+03 1.6387e+03 2.1212e+03 1.6438e+03 2.1054e+03 1.8218e+03 1.9578e+03
  46.5000 1.8144e+03 1.5903e+03 2.0575e+03 1.5952e+03 2.0421e+03 1.7676e+03 1.8994e+03
  46.7500 1.7606e+03 1.5435e+03 1.9960e+03 1.5483e+03 1.9810e+03 1.7153e+03 1.8431e+03
  47.0000 1.7086e+03 1.4983e+03 1.9366e+03 1.5030e+03 1.9221e+03 1.6647e+03 1.7887e+03
  47.2500 1.6585e+03 1.4547e+03 1.8792e+03 1.4592e+03 1.8651e+03 1.6159e+03 1.7361e+03
  47.5000 1.6100e+03 1.4125e+03 1.8238e+03 1.4168e+03 1.8101e+03 1.5687e+03 1.6853e+03
  47.7500 1.5631e+03 1.3716e+03 1.7703e+03 1.3759e+03 1.7569e+03 1.5231e+03 1.6362e+03
  48.0000 1.5178e+03 1.3322e+03 1.7185e+03 1.3363e+03 1.7056e+03 1.4790e+03 1.5887e+03
  48.2500 1.4740e+03 1.2940e+03 1.6685e+03 1.2980e+03 1.6559e+03 1.4364e+03 1.5428e+03
  48.5000 1.4317e+03 1.2571e+03 1.6202e+03 1.2610e+03 1.6080e+03 1.3952e+03 1.4985e+03
  48.7500 1.3907e+03 1.2215e+03 1.5735e+03 1.2252e+03 1.5616e+03 1.3553e+03 1.4556e+03
  49.0000 1.3511e+03 1.1869e+03 1.5284e+03 1.1906e+03 1.5168e+03 1.3168e+03 1.4142e+03
  49.2500 1.3128e+03 1.1535e+03 1.4847e+03 1.1571e+03 1.4734e+03 1.2795e+03 1.3740e+03
  49.5000 1.2758e+03 1.1212e+03 1.4425e+03 1.1246e+03 1.4315e+03 1.2435e+03 1.3352e+03
  49.7500 1.2399e+03 1.0899e+03 1.4016e+03 1.0932e+03 1.3909e+03 1.2086e+03 1.2977e+03
  50.0000 1.2052e+03 1.0596e+03 1.3621e+03 1.0629e+03 1.3517e+03 1.1748e+03 1.2613e+03
  50.2500 1.1716e+03 1.0303e+03 1.3239e+03 1.0335e+03 1.3137e+03 1.1421e+03 1.2262e+03
  50.5000 1.1391e+03 1.0020e+03 1.2868e+03 1.0050e+03 1.2770e+03 1.1105e+03 1.1922e+03
  50.7500 1.1077e+03 9.7446e+02 1.2510e+03 9.7740e+02 1.2415e+03 1.0798e+03 1.1592e+03
  51.0000 1.0772e+03 9.4784e+02 1.2164e+03 9.5070e+02 1.2070e+03 1.0502e+03 1.1273e+03
  51.2500 1.0477e+03 9.2205e+02 1.1828e+03 9.2483e+02 1.1737e+03 1.0214e+03 1.0964e+03
  51.5000 1.0191e+03 8.9704e+02 1.1503e+03 8.9973e+02 1.1415e+03 9.9360e+02 1.0665e+03
  51.7500 9.9142e+02 8.7268e+02 1.1188e+03 8.7529e+02 1.1102e+03 9.6665e+02 1.0375e+03
  52.0000 9.6460e+02 8.4908e+02 1.0883e+03 8.5162e+02 1.0800e+03 9.4053e+02 1.0094e+03
  52.2500 9.3862e+02 8.2621e+02 1.0588e+03 8.2867e+02 1.0506e+03 9.1522e+02 9.8216e+02
  52.5000 9.1343e+02 8.0405e+02 1.0302e+03 8.0644e+02 1.0222e+03 8.9070e+02 9.5579e+02
  52.7500 8.8902e+02 7.8257e+02 1.0025e+03 7.8489e+02 9.9473e+02 8.6693e+02 9.3023e+02
  53.0000 8.6537e+02 7.6175e+02 9.7567e+02 7.6401e+02 9.6812e+02 8.4388e+02 9.0546e+02
  53.2500 8.4243e+02 7.4157e+02 9.4969e+02 7.4376e+02 9.4235e+02 8.2154e+02 8.8144e+02
  53.5000 8.2019e+02 7.2200e+02 9.2452e+02 7.2412e+02 9.1736e+02 7.9988e+02 8.5815e+02
  53.7500 7.9863e+02 7.0302e+02 9.0010e+02 7.0508e+02 8.9314e+02 7.7887e+02 8.3557e+02
  54.0000 7.7771e+02 6.8461e+02 8.7643e+02 6.8662e+02 8.6965e+02 7.5849e+02 8.1367e+02
  54.2500 7.5743e+02 6.6676e+02 8.5347e+02 6.6871e+02 8.4687e+02 7.3873e+02 7.9242e+02
  54.5000 7.3775e+02 6.4944e+02 8.3120e+02 6.5134e+02 8.2477e+02 7.1955e+02 7.7181e+02
  54.7500 7.1866e+02 6.3264e+02 8.0960e+02 6.3448e+02 8.0334e+02 7.0095e+02 7.5182e+02
  55.0000 7.0013e+02 6.1633e+02 7.8864e+02 6.1812e+02 7.8255e+02 6.8289e+02 7.3242e+02
  55.2500 6.8215e+02 6.0051e+02 7.6831e+02 6.0225e+02 7.6237e+02 6.6537e+02 7.1359e+02
  55.5000 6.6471e+02 5.8515e+02 7.4857e+02 5.8685e+02 7.4279e+02 6.4836e+02 6.9531e+02
  55.7500 6.4777e+02 5.7024e+02 7.2942e+02 5.7189e+02 7.2378e+02 6.3185e+02 6.7758e+02
  56.0000 6.3133e+02 5.5577e+02 7.1083e+02 5.5738e+02 7.0534e+02 6.1582e+02 6.6035e+02
  56.2500 6.1537e+02 5.4172e+02 6.9278e+02 5.4328e+02 6.8743e+02 6.0026e+02 6.4363e+02
  56.5000 5.9987e+02 5.2807e+02 6.7525e+02 5.2960e+02 6.7004e+02 5.8514e+02 6.2740e+02
  56.7500 5.8482e+02 5.1482e+02 6.5823e+02 5.1631e+02 6.5316e+02 5.7046e+02 6.1163e+02
  57.0000 5.7020e+02 5.0195e+02 6.4171e+02 5.0340e+02 6.3677e+02 5.5620e+02 5.9632e+02
  57.2500 5.5600e+02 4.8945e+02 6.2566e+02 4.9087e+02 6.2085e+02 5.4235e+02 5.8144e+02
  57.5000 5.4220e+02 4.7731e+02 6.1007e+02 4.7869e+02 6.0538e+02 5.2889e+02 5.6699e+02
  57.7500 5.2880e+02 4.6551e+02 5.9493e+02 4.6686e+02 5.9036e+02 5.1582e+02 5.5295e+02
  58.0000 5.1578e+02 4.5405e+02 5.8022e+02 4.5536e+02 5.7577e+02 5.0312e+02 5.3931e+02
  58.2500 5.0313e+02 4.4291e+02 5.6593e+02 4.4419e+02 5.6160e+02 4.9077e+02 5.2606e+02
  58.5000 4.9084e+02 4.3208e+02 5.5204e+02 4.3334e+02 5.4782e+02 4.7877e+02 5.1318e+02
  58.7500 4.7889e+02 4.2156e+02 5.3854e+02 4.2279e+02 5.3443e+02 4.6711e+02 5.0066e+02
  59.0000 4.6728e+02 4.1134e+02 5.2543e+02 4.1253e+02 5.2142e+02 4.5577e+02 4.8849e+02
  59.2500 4.5599e+02 4.0139e+02 5.1268e+02 4.0256e+02 5.0877e+02 4.4475e+02 4.7666e+02
  59.5000 4.4501e+02 3.9173e+02 5.0028e+02 3.9287e+02 4.9648e+02 4.3404e+02 4.6515e+02
  59.7500 4.3434e+02 3.8233e+02 4.8823e+02 3.8344e+02 4.8453e+02 4.2362e+02 4.5397e+02
  60.0000 4.2396e+02 3.7319e+02 4.7651e+02 3.7428e+02 4.7291e+02 4.1348e+02 4.4309e+02
  60.2500 4.1386e+02 3.6430e+02 4.6512e+02 3.6537e+02 4.6161e+02 4.0362e+02 4.3252e+02
  60.5000 4.0404e+02 3.5565e+02 4.5404e+02 3.5669e+02 4.5061e+02 3.9404e+02 4.2223e+02
  60.7500 3.9449e+02 3.4724e+02 4.4326e+02 3.4826e+02 4.3992e+02 3.8471e+02 4.1222e+02
  61.0000 3.8520e+02 3.3905e+02 4.3277e+02 3.4006e+02 4.2952e+02 3.7563e+02 4.0248e+02
  61.2500 3.7616e+02 3.3109e+02 4.2257e+02 3.3207e+02 4.1940e+02 3.6680e+02 3.9301e+02
  61.5000 3.6736e+02 3.2334e+02 4.1265e+02 3.2430e+02 4.0956e+02 3.5821e+02 3.8379e+02
  61.7500 3.5880e+02 3.1580e+02 4.0299e+02 3.1674e+02 3.9998e+02 3.4985e+02 3.7482e+02
  62.0000 3.5046e+02 3.0846e+02 3.9359e+02 3.0938e+02 3.9066e+02 3.4171e+02 3.6609e+02
  62.2500 3.4235e+02 3.0132e+02 3.8444e+02 3.0222e+02 3.8159e+02 3.3379e+02 3.5759e+02
  62.5000 3.3446e+02 2.9436e+02 3.7554e+02 2.9525e+02 3.7276e+02 3.2608e+02 3.4932e+02
  62.7500 3.2677e+02 2.8759e+02 3.6687e+02 2.8846e+02 3.6416e+02 3.1857e+02 3.4126e+02
  63.0000 3.1929e+02 2.8100e+02 3.5843e+02 2.8185e+02 3.5579e+02 3.1126e+02 3.3342e+02
  63.2500 3.1200e+02 2.7458e+02 3.5022e+02 2.7542e+02 3.4764e+02 3.0414e+02 3.2579e+02
  63.5000 3.0490e+02 2.6833e+02 3.4222e+02 2.6915e+02 3.3971e+02 2.9721e+02 3.1835e+02
  63.7500 2.9799e+02 2.6224e+02 3.3442e+02 2.6304e+02 3.3198e+02 2.9045e+02 3.1111e+02
  64.0000 2.9125e+02 2.5631e+02 3.2684e+02 2.5710e+02 3.2445e+02 2.8388e+02 3.0406e+02
  64.2500 2.8469e+02 2.5053e+02 3.1944e+02 2.5130e+02 3.1712e+02 2.7747e+02 2.9719e+02
  64.5000 2.7830e+02 2.4490e+02 3.1224e+02 2.4566e+02 3.0998e+02 2.7123e+02 2.9050e+02
  64.7500 2.7207e+02 2.3942e+02 3.0523e+02 2.4016e+02 3.0302e+02 2.6515e+02 2.8398e+02
  65.0000 2.6600e+02 2.3407e+02 2.9840e+02 2.3480e+02 2.9624e+02 2.5922e+02 2.7762e+02
  65.2500 2.6009e+02 2.2886e+02 2.9174e+02 2.2958e+02 2.8963e+02 2.5345e+02 2.7143e+02
  65.5000 2.5433e+02 2.2379e+02 2.8525e+02 2.2449e+02 2.8320e+02 2.4782e+02 2.6540e+02
  65.7500 2.4871e+02 2.1884e+02 2.7892e+02 2.1953e+02 2.7692e+02 2.4233e+02 2.5952e+02
  66.0000 2.4324e+02 2.1402e+02 2.7276e+02 2.1469e+02 2.7081e+02 2.3699e+02 2.5379e+02
  66.2500 2.3790e+02 2.0932e+02 2.6675e+02 2.0998e+02 2.6484e+02 2.3178e+02 2.4820e+02
  66.5000 2.3269e+02 2.0473e+02 2.6089e+02 2.0538e+02 2.5903e+02 2.2669e+02 2.4275e+02
  66.7500 2.2762e+02 2.0027e+02 2.5518e+02 2.0090e+02 2.5336e+02 2.2174e+02 2.3744e+02
  67.0000 2.2267e+02 1.9591e+02 2.4961e+02 1.9653e+02 2.4784e+02 2.1691e+02 2.3226e+02
  67.2500 2.1784e+02 1.9166e+02 2.4417e+02 1.9227e+02 2.4245e+02 2.1220e+02 2.2722e+02
  67.5000 2.1313e+02 1.8751e+02 2.3888e+02 1.8812e+02 2.3719e+02 2.0760e+02 2.2229e+02
  67.7500 2.0854e+02 1.8347e+02 2.3371e+02 1.8406e+02 2.3207e+02 2.0312e+02 2.1749e+02
  68.0000 2.0406e+02 1.7952e+02 2.2867e+02 1.8010e+02 2.2707e+02 1.9875e+02 2.1281e+02
  68.2500 1.9969e+02 1.7568e+02 2.2376e+02 1.7625e+02 2.2219e+02 1.9449e+02 2.0824e+02
  68.5000 1.9543e+02 1.7192e+02 2.1896e+02 1.7248e+02 2.1743e+02 1.9033e+02 2.0378e+02
  68.7500 1.9127e+02 1.6826e+02 2.1428e+02 1.6881e+02 2.1279e+02 1.8627e+02 1.9943e+02
  69.0000 1.8721e+02 1.6468e+02 2.0972e+02 1.6522e+02 2.0826e+02 1.8231e+02 1.9519e+02
  69.2500 1.8325e+02 1.6120e+02 2.0527e+02 1.6172e+02 2.0384e+02 1.7844e+02 1.9104e+02
  69.5000 1.7938e+02 1.5779e+02 2.0092e+02 1.5831e+02 1.9952e+02 1.7467e+02 1.8700e+02
  69.7500 1.7560e+02 1.5447e+02 1.9668e+02 1.5498e+02 1.9531e+02 1.7099e+02 1.8306e+02
  70.0000 1.7192e+02 1.5122e+02 1.9253e+02 1.5172e+02 1.9120e+02 1.6740e+02 1.7921e+02
  70.2500 1.6832e+02 1.4806e+02 1.8849e+02 1.4855e+02 1.8719e+02 1.6390e+02 1.7546e+02
  70.5000 1.6481e+02 1.4497e+02 1.8455e+02 1.4545e+02 1.8327e+02 1.6047e+02 1.7179e+02
  70.7500 1.6138e+02 1.4195e+02 1.8070e+02 1.4242e+02 1.7945e+02 1.5713e+02 1.6821e+02
  71.0000 1.5803e+02 1.3900e+02 1.7694e+02 1.3946e+02 1.7572e+02 1.5387e+02 1.6472e+02
  71.2500 1.5476e+02 1.3613e+02 1.7327e+02 1.3658e+02 1.7207e+02 1.5069e+02 1.6131e+02
  71.5000 1.5157e+02 1.3332e+02 1.6968e+02 1.3376e+02 1.6851e+02 1.4758e+02 1.5798e+02
  71.7500 1.4845e+02 1.3057e+02 1.6618e+02 1.3100e+02 1.6503e+02 1.4454e+02 1.5473e+02
  72.0000 1.4541e+02 1.2789e+02 1.6276e+02 1.2832e+02 1.6164e+02 1.4158e+02 1.5155e+02
  72.2500 1.4243e+02 1.2528e+02 1.5943e+02 1.2569e+02 1.5832e+02 1.3869e+02 1.4845e+02
  72.5000 1.3953e+02 1.2272e+02 1.5617e+02 1.2312e+02 1.5509e+02 1.3586e+02 1.4542e+02
  72.7500 1.3669e+02 1.2022e+02 1.5298e+02 1.2062e+02 1.5192e+02 1.3310e+02 1.4246e+02
  73.0000 1.3392e+02 1.1778e+02 1.4987e+02 1.1817e+02 1.4883e+02 1.3040e+02 1.3957e+02
  73.2500 1.3121e+02 1.1540e+02 1.4683e+02 1.1578e+02 1.4581e+02 1.2776e+02 1.3675e+02
  73.5000 1.2856e+02 1.1307e+02 1.4386e+02 1.1344e+02 1.4287e+02 1.2519e+02 1.3399e+02
  73.7500 1.2597e+02 1.1079e+02 1.4096e+02 1.1116e+02 1.3998e+02 1.2267e+02 1.3130e+02
  74.0000 1.2345e+02 1.0857e+02 1.3813e+02 1.0893e+02 1.3717e+02 1.2022e+02 1.2867e+02
  74.2500 1.2098e+02 1.0640e+02 1.3536e+02 1.0675e+02 1.3442e+02 1.1781e+02 1.2609e+02
  74.5000 1.1856e+02 1.0427e+02 1.3265e+02 1.0461e+02 1.3173e+02 1.1547e+02 1.2358e+02
  74.7500 1.1620e+02 1.0220e+02 1.3001e+02 1.0253e+02 1.2910e+02 1.1317e+02 1.2112e+02
  75.0000 1.1389e+02 1.0017e+02 1.2742e+02 1.0049e+02 1.2653e+02 1.1093e+02 1.1872e+02
  75.2500 1.1164e+02 9.8187e+01 1.2489e+02 9.8503e+01 1.2402e+02 1.0874e+02 1.1638e+02
  75.5000 1.0944e+02 9.6248e+01 1.2242e+02 9.6557e+01 1.2156e+02 1.0660e+02 1.1408e+02
  75.7500 1.0728e+02 9.4353e+01 1.2001e+02 9.4655e+01 1.1917e+02 1.0450e+02 1.1184e+02
  76.0000 1.0517e+02 9.2500e+01 1.1765e+02 9.2794e+01 1.1682e+02 1.0246e+02 1.0965e+02
  76.2500 1.0311e+02 9.0688e+01 1.1534e+02 9.0976e+01 1.1453e+02 1.0046e+02 1.0751e+02
  76.5000 1.0110e+02 8.8917e+01 1.1308e+02 8.9197e+01 1.1228e+02 9.8499e+01 1.0541e+02
  76.7500 9.9130e+01 8.7184e+01 1.1088e+02 8.7458e+01 1.1009e+02 9.6586e+01 1.0336e+02
  77.0000 9.7204e+01 8.5490e+01 1.0872e+02 8.5757e+01 1.0795e+02 9.4715e+01 1.0136e+02
  77.2500 9.5320e+01 8.3833e+01 1.0661e+02 8.4094e+01 1.0585e+02 9.2885e+01 9.9398e+01
  77.5000 9.3477e+01 8.2213e+01 1.0455e+02 8.2467e+01 1.0380e+02 9.1095e+01 9.7482e+01
  77.7500 9.1675e+01 8.0627e+01 1.0253e+02 8.0876e+01 1.0179e+02 8.9345e+01 9.5607e+01
  78.0000 8.9912e+01 7.9077e+01 1.0056e+02 7.9320e+01 9.9830e+01 8.7632e+01 9.3774e+01
  78.2500 8.8187e+01 7.7560e+01 9.8625e+01 7.7797e+01 9.7911e+01 8.5957e+01 9.1981e+01
  78.5000 8.6500e+01 7.6077e+01 9.6736e+01 7.6307e+01 9.6033e+01 8.4319e+01 9.0227e+01
  78.7500 8.4849e+01 7.4625e+01 9.4888e+01 7.4850e+01 9.4197e+01 8.2716e+01 8.8510e+01
  79.0000 8.3234e+01 7.3205e+01 9.3080e+01 7.3424e+01 9.2400e+01 8.1148e+01 8.6831e+01
  79.2500 8.1653e+01 7.1815e+01 9.1312e+01 7.2029e+01 9.0641e+01 7.9613e+01 8.5188e+01
  79.5000 8.0107e+01 7.0455e+01 8.9581e+01 7.0664e+01 8.8921e+01 7.8112e+01 8.3581e+01
  79.7500 7.8594e+01 6.9124e+01 8.7888e+01 6.9328e+01 8.7238e+01 7.6642e+01 8.2008e+01
  80.0000 7.7113e+01 6.7822e+01 8.6231e+01 6.8020e+01 8.5591e+01 7.5204e+01 8.0468e+01
  80.2500 7.5663e+01 6.6548e+01 8.4609e+01 6.6741e+01 8.3979e+01 7.3797e+01 7.8962e+01
  80.5000 7.4245e+01 6.5300e+01 8.3022e+01 6.5489e+01 8.2401e+01 7.2419e+01 7.7487e+01
  80.7500 7.2856e+01 6.4079e+01 8.1468e+01 6.4263e+01 8.0857e+01 7.1071e+01 7.6044e+01
  81.0000 7.1497e+01 6.2884e+01 7.9948e+01 6.3063e+01 7.9345e+01 6.9751e+01 7.4631e+01
  81.2500 7.0166e+01 6.1714e+01 7.8460e+01 6.1888e+01 7.7866e+01 6.8460e+01 7.3248e+01
  81.5000 6.8864e+01 6.0569e+01 7.7003e+01 6.0739e+01 7.6417e+01 6.7195e+01 7.1894e+01
  81.7500 6.7589e+01 5.9448e+01 7.5576e+01 5.9613e+01 7.4999e+01 6.5957e+01 7.0569e+01
  82.0000 6.6340e+01 5.8350e+01 7.4180e+01 5.8511e+01 7.3611e+01 6.4744e+01 6.9271e+01
  82.2500 6.5118e+01 5.7275e+01 7.2813e+01 5.7432e+01 7.2252e+01 6.3557e+01 6.8000e+01
  82.5000 6.3921e+01 5.6223e+01 7.1474e+01 5.6375e+01 7.0922e+01 6.2394e+01 6.6756e+01
  82.7500 6.2749e+01 5.5192e+01 7.0163e+01 5.5341e+01 6.9619e+01 6.1256e+01 6.5538e+01
  83.0000 6.1601e+01 5.4183e+01 6.8880e+01 5.4328e+01 6.8343e+01 6.0141e+01 6.4345e+01
  83.2500 6.0477e+01 5.3194e+01 6.7623e+01 5.3336e+01 6.7093e+01 5.9049e+01 6.3176e+01
  83.5000 5.9376e+01 5.2226e+01 6.6392e+01 5.2364e+01 6.5870e+01 5.7980e+01 6.2032e+01
  83.7500 5.8298e+01 5.1278e+01 6.5186e+01 5.1412e+01 6.4671e+01 5.6932e+01 6.0910e+01
  84.0000 5.7242e+01 5.0349e+01 6.4005e+01 5.0480e+01 6.3498e+01 5.5906e+01 5.9812e+01
  84.2500 5.6207e+01 4.9440e+01 6.2848e+01 4.9567e+01 6.2348e+01 5.4901e+01 5.8737e+01
  84.5000 5.5194e+01 4.8549e+01 6.1715e+01 4.8673e+01 6.1222e+01 5.3916e+01 5.7683e+01
  84.7500 5.4202e+01 4.7676e+01 6.0606e+01 4.7797e+01 6.0119e+01 5.2952e+01 5.6651e+01
  85.0000 5.3230e+01 4.6821e+01 5.9519e+01 4.6939e+01 5.9039e+01 5.2007e+01 5.5639e+01
  85.2500 5.2278e+01 4.5984e+01 5.8454e+01 4.6099e+01 5.7981e+01 5.1081e+01 5.4648e+01
  85.5000 5.1345e+01 4.5163e+01 5.7411e+01 4.5276e+01 5.6945e+01 5.0173e+01 5.3678e+01
  85.7500 5.0431e+01 4.4360e+01 5.6389e+01 4.4469e+01 5.5930e+01 4.9285e+01 5.2726e+01
  86.0000 4.9536e+01 4.3573e+01 5.5389e+01 4.3679e+01 5.4935e+01 4.8413e+01 5.1794e+01
  86.2500 4.8660e+01 4.2801e+01 5.4408e+01 4.2906e+01 5.3961e+01 4.7560e+01 5.0881e+01
  86.5000 4.7801e+01 4.2046e+01 5.3447e+01 4.2147e+01 5.3007e+01 4.6724e+01 4.9986e+01
  86.7500 4.6959e+01 4.1305e+01 5.2505e+01 4.1405e+01 5.2072e+01 4.5904e+01 4.9109e+01
  87.0000 4.6134e+01 4.0580e+01 5.1583e+01 4.0677e+01 5.1156e+01 4.5100e+01 4.8249e+01
  87.2500 4.5326e+01 3.9869e+01 5.0679e+01 3.9964e+01 5.0258e+01 4.4313e+01 4.7406e+01
  87.5000 4.4534e+01 3.9172e+01 4.9793e+01 3.9265e+01 4.9378e+01 4.3541e+01 4.6580e+01
  87.7500 4.3758e+01 3.8489e+01 4.8924e+01 3.8580e+01 4.8516e+01 4.2784e+01 4.5771e+01
  88.0000 4.2997e+01 3.7820e+01 4.8073e+01 3.7908e+01 4.7671e+01 4.2043e+01 4.4977e+01
  88.2500 4.2251e+01 3.7163e+01 4.7239e+01 3.7250e+01 4.6843e+01 4.1316e+01 4.4199e+01
  88.5000 4.1521e+01 3.6520e+01 4.6422e+01 3.6605e+01 4.6032e+01 4.0603e+01 4.3436e+01
  88.7500 4.0804e+01 3.5890e+01 4.5620e+01 3.5973e+01 4.5236e+01 3.9904e+01 4.2688e+01
  89.0000 4.0102e+01 3.5272e+01 4.4834e+01 3.5353e+01 4.4456e+01 3.9218e+01 4.1955e+01
  89.2500 3.9414e+01 3.4666e+01 4.4064e+01 3.4746e+01 4.3692e+01 3.8547e+01 4.1236e+01
  89.5000 3.8739e+01 3.4072e+01 4.3309e+01 3.4151e+01 4.2943e+01 3.7888e+01 4.0531e+01
  89.7500 3.8077e+01 3.3490e+01 4.2568e+01 3.3566e+01 4.2208e+01 3.7242e+01 3.9840e+01
  90.0000 3.7428e+01 3.2919e+01 4.1842e+01 3.2994e+01 4.1487e+01 3.6608e+01 3.9162e+01
  90.2500 3.6792e+01 3.2359e+01 4.1130e+01 3.2433e+01 4.0781e+01 3.5987e+01 3.8497e+01
  90.5000 3.6168e+01 3.1810e+01 4.0432e+01 3.1882e+01 4.0089e+01 3.5377e+01 3.7845e+01
  90.7500 3.5556e+01 3.1271e+01 3.9747e+01 3.1342e+01 3.9409e+01 3.4780e+01 3.7205e+01
  91.0000 3.4956e+01 3.0743e+01 3.9076e+01 3.0813e+01 3.8743e+01 3.4194e+01 3.6578e+01
  91.2500 3.4368e+01 3.0226e+01 3.8418e+01 3.0294e+01 3.8090e+01 3.3618e+01 3.5963e+01
  91.5000 3.3791e+01 2.9718e+01 3.7772e+01 2.9785e+01 3.7450e+01 3.3054e+01 3.5359e+01
  91.7500 3.3225e+01 2.9219e+01 3.7138e+01 2.9285e+01 3.6821e+01 3.2501e+01 3.4767e+01
  92.0000 3.2670e+01 2.8731e+01 3.6517e+01 2.8795e+01 3.6205e+01 3.1958e+01 3.4186e+01
  92.2500 3.2125e+01 2.8251e+01 3.5907e+01 2.8315e+01 3.5601e+01 3.1425e+01 3.3616e+01
  92.5000 3.1591e+01 2.7781e+01 3.5309e+01 2.7843e+01 3.5008e+01 3.0903e+01 3.3057e+01
  92.7500 3.1067e+01 2.7320e+01 3.4723e+01 2.7381e+01 3.4426e+01 3.0390e+01 3.2509e+01
  93.0000 3.0552e+01 2.6867e+01 3.4147e+01 2.6927e+01 3.3855e+01 2.9887e+01 3.1971e+01
  93.2500 3.0048e+01 2.6423e+01 3.3582e+01 2.6482e+01 3.3295e+01 2.9394e+01 3.1442e+01
  93.5000 2.9553e+01 2.5987e+01 3.3028e+01 2.6046e+01 3.2746e+01 2.8909e+01 3.0924e+01
  93.7500 2.9067e+01 2.5559e+01 3.2484e+01 2.5617e+01 3.2207e+01 2.8434e+01 3.0416e+01
  94.0000 2.8590e+01 2.5140e+01 3.1951e+01 2.5197e+01 3.1678e+01 2.7967e+01 2.9916e+01
  94.2500 2.8123e+01 2.4728e+01 3.1427e+01 2.4784e+01 3.1159e+01 2.7509e+01 2.9427e+01
  94.5000 2.7664e+01 2.4324e+01 3.0914e+01 2.4379e+01 3.0650e+01 2.7060e+01 2.8946e+01
  94.7500 2.7213e+01 2.3927e+01 3.0409e+01 2.3982e+01 3.0150e+01 2.6619e+01 2.8474e+01
  95.0000 2.6771e+01 2.3538e+01 2.9914e+01 2.3591e+01 2.9660e+01 2.6186e+01 2.8011e+01
  95.2500 2.6337e+01 2.3156e+01 2.9429e+01 2.3209e+01 2.9178e+01 2.5761e+01 2.7556e+01
  95.5000 2.5911e+01 2.2781e+01 2.8952e+01 2.2833e+01 2.8706e+01 2.5344e+01 2.7110e+01
  95.7500 2.5493e+01 2.2413e+01 2.8484e+01 2.2464e+01 2.8242e+01 2.4934e+01 2.6672e+01
  96.0000 2.5082e+01 2.2052e+01 2.8024e+01 2.2102e+01 2.7786e+01 2.4532e+01 2.6241e+01
  96.2500 2.4680e+01 2.1697e+01 2.7573e+01 2.1747e+01 2.7339e+01 2.4138e+01 2.5819e+01
  96.5000 2.4284e+01 2.1349e+01 2.7131e+01 2.1398e+01 2.6901e+01 2.3750e+01 2.5405e+01
  96.7500 2.3895e+01 2.1007e+01 2.6696e+01 2.1055e+01 2.6470e+01 2.3370e+01 2.4998e+01
  97.0000 2.3514e+01 2.0671e+01 2.6269e+01 2.0719e+01 2.6047e+01 2.2996e+01 2.4598e+01
  97.2500 2.3140e+01 2.0341e+01 2.5850e+01 2.0388e+01 2.5631e+01 2.2629e+01 2.4206e+01
  97.5000 2.2772e+01 2.0018e+01 2.5438e+01 2.0064e+01 2.5224e+01 2.2269e+01 2.3820e+01
  97.7500 2.2411e+01 1.9700e+01 2.5034e+01 1.9745e+01 2.4823e+01 2.1915e+01 2.3442e+01
  98.0000 2.2056e+01 1.9388e+01 2.4637e+01 1.9433e+01 2.4430e+01 2.1567e+01 2.3070e+01
  98.2500 2.1708e+01 1.9081e+01 2.4248e+01 1.9126e+01 2.4044e+01 2.1226e+01 2.2705e+01
  98.5000 2.1366e+01 1.8780e+01 2.3865e+01 1.8824e+01 2.3665e+01 2.0891e+01 2.2347e+01
  98.7500 2.1030e+01 1.8484e+01 2.3489e+01 1.8528e+01 2.3292e+01 2.0562e+01 2.1994e+01
  99.0000 2.0701e+01 1.8194e+01 2.3120e+01 1.8237e+01 2.2926e+01 2.0239e+01 2.1649e+01
  99.2500 2.0376e+01 1.7909e+01 2.2757e+01 1.7951e+01 2.2567e+01 1.9921e+01 2.1309e+01
  99.5000 2.0058e+01 1.7629e+01 2.2401e+01 1.7670e+01 2.2214e+01 1.9609e+01 2.0975e+01
  99.7500 1.9745e+01 1.7353e+01 2.2051e+01 1.7395e+01 2.1867e+01 1.9302e+01 2.0648e+01
 100.0000 1.9438e+01 1.7083e+01 2.1707e+01 1.7124e+01 2.1526e+01 1.9002e+01 2.0326e+01
 100.2500 1.9137e+01 1.6817e+01 2.1369e+01 1.6858e+01 2.1192e+01 1.8706e+01 2.0009e+01
 100.5000 1.8840e+01 1.6556e+01 2.1038e+01 1.6596e+01 2.0863e+01 1.8415e+01 1.9698e+01
 100.7500 1.8549e+01 1.6300e+01 2.0712e+01 1.6339e+01 2.0540e+01 1.8130e+01 1.9393e+01
 101.0000 1.8262e+01 1.6048e+01 2.0391e+01 1.6087e+01 2.0223e+01 1.7849e+01 1.9093e+01
 101.2500 1.7981e+01 1.5800e+01 2.0077e+01 1.5839e+01 1.9911e+01 1.7573e+01 1.8798e+01
 101.5000 1.7705e+01 1.5557e+01 1.9768e+01 1.5595e+01 1.9604e+01 1.7302e+01 1.8509e+01
 101.7500 1.7433e+01 1.5318e+01 1.9464e+01 1.5356e+01 1.9303e+01 1.7036e+01 1.8224e+01
 102.0000 1.7166e+01 1.5083e+01 1.9165e+01 1.5120e+01 1.9007e+01 1.6775e+01 1.7944e+01
 102.2500 1.6904e+01 1.4852e+01 1.8872e+01 1.4889e+01 1.8716e+01 1.6518e+01 1.7669e+01
 102.5000 1.6646e+01 1.4625e+01 1.8583e+01 1.4662e+01 1.8431e+01 1.6265e+01 1.7399e+01
 102.7500 1.6393e+01 1.4402e+01 1.8300e+01 1.4438e+01 1.8150e+01 1.6017e+01 1.7134e+01
 103.0000 1.6144e+01 1.4183e+01 1.8021e+01 1.4219e+01 1.7874e+01 1.5773e+01 1.6873e+01
 103.2500 1.5899e+01 1.3968e+01 1.7747e+01 1.4003e+01 1.7602e+01 1.5533e+01 1.6617e+01
 103.5000 1.5658e+01 1.3756e+01 1.7478e+01 1.3790e+01 1.7335e+01 1.5297e+01 1.6365e+01
 103.7500 1.5422e+01 1.3548e+01 1.7214e+01 1.3582e+01 1.7073e+01 1.5065e+01 1.6117e+01
 104.0000 1.5189e+01 1.3343e+01 1.6954e+01 1.3377e+01 1.6816e+01 1.4838e+01 1.5874e+01
 104.2500 1.4961e+01 1.3142e+01 1.6698e+01 1.3175e+01 1.6562e+01 1.4614e+01 1.5634e+01
 104.5000 1.4736e+01 1.2944e+01 1.6447e+01 1.2977e+01 1.6313e+01 1.4394e+01 1.5399e+01
 104.7500 1.4515e+01 1.2750e+01 1.6200e+01 1.2783e+01 1.6068e+01 1.4178e+01 1.5168e+01
 105.0000 1.4298e+01 1.2559e+01 1.5957e+01 1.2591e+01 1.5828e+01 1.3965e+01 1.4941e+01
 105.2500 1.4084e+01 1.2371e+01 1.5718e+01 1.2403e+01 1.5591e+01 1.3756e+01 1.4717e+01
 105.5000 1.3874e+01 1.2186e+01 1.5484e+01 1.2218e+01 1.5358e+01 1.3550e+01 1.4497e+01
 105.7500 1.3668e+01 1.2005e+01 1.5253e+01 1.2036e+01 1.5129e+01 1.3348e+01 1.4281e+01
 106.0000 1.3465e+01 1.1826e+01 1.5026e+01 1.1857e+01 1.4904e+01 1.3150e+01 1.4069e+01
 106.2500 1.3265e+01 1.1651e+01 1.4803e+01 1.1681e+01 1.4683e+01 1.2954e+01 1.3860e+01
 106.5000 1.3069e+01 1.1478e+01 1.4584e+01 1.1508e+01 1.4466e+01 1.2762e+01 1.3655e+01
 106.7500 1.2876e+01 1.1308e+01 1.4368e+01 1.1338e+01 1.4252e+01 1.2573e+01 1.3453e+01
 107.0000 1.2686e+01 1.1141e+01 1.4156e+01 1.1170e+01 1.4041e+01 1.2388e+01 1.3255e+01
 107.2500 1.2499e+01 1.0977e+01 1.3947e+01 1.1006e+01 1.3835e+01 1.2205e+01 1.3059e+01
 107.5000 1.2316e+01 1.0816e+01 1.3742e+01 1.0844e+01 1.3631e+01 1.2026e+01 1.2868e+01
 107.7500 1.2135e+01 1.0657e+01 1.3541e+01 1.0685e+01 1.3431e+01 1.1849e+01 1.2679e+01
 108.0000 1.1957e+01 1.0501e+01 1.3342e+01 1.0528e+01 1.3235e+01 1.1675e+01 1.2493e+01
 108.2500 1.1783e+01 1.0347e+01 1.3147e+01 1.0374e+01 1.3041e+01 1.1505e+01 1.2311e+01
 108.5000 1.1611e+01 1.0196e+01 1.2955e+01 1.0223e+01 1.2851e+01 1.1337e+01 1.2131e+01
 108.7500 1.1442e+01 1.0047e+01 1.2767e+01 1.0074e+01 1.2664e+01 1.1171e+01 1.1955e+01
 109.0000 1.1276e+01 9.9010e+00 1.2581e+01 9.9272e+00 1.2479e+01 1.1009e+01 1.1781e+01
 109.2500 1.1112e+01 9.7572e+00 1.2399e+01 9.7830e+00 1.2298e+01 1.0849e+01 1.1610e+01
 109.5000 1.0951e+01 9.6158e+00 1.2219e+01 9.6413e+00 1.2120e+01 1.0692e+01 1.1442e+01
 109.7500 1.0793e+01 9.4767e+00 1.2042e+01 9.5018e+00 1.1945e+01 1.0537e+01 1.1277e+01
 110.0000 1.0638e+01 9.3398e+00 1.1868e+01 9.3646e+00 1.1772e+01 1.0385e+01 1.1114e+01
 110.2500 1.0484e+01 9.2052e+00 1.1697e+01 9.2296e+00 1.1603e+01 1.0236e+01 1.0954e+01
 110.5000 1.0334e+01 9.0727e+00 1.1529e+01 9.0968e+00 1.1436e+01 1.0088e+01 1.0797e+01
 110.7500 1.0185e+01 8.9424e+00 1.1364e+01 8.9662e+00 1.1272e+01 9.9434e+00 1.0642e+01
 111.0000 1.0040e+01 8.8142e+00 1.1201e+01 8.8376e+00 1.1110e+01 9.8010e+00 1.0490e+01
 111.2500 9.8962e+00 8.6880e+00 1.1041e+01 8.7112e+00 1.0951e+01 9.6608e+00 1.0340e+01
 111.5000 9.7550e+00 8.5639e+00 1.0883e+01 8.5867e+00 1.0795e+01 9.5228e+00 1.0193e+01
 111.7500 9.6160e+00 8.4418e+00 1.0728e+01 8.4643e+00 1.0641e+01 9.3871e+00 1.0047e+01
 112.0000 9.4793e+00 8.3216e+00 1.0576e+01 8.3438e+00 1.0490e+01 9.2536e+00 9.9047e+00
 112.2500 9.3448e+00 8.2033e+00 1.0426e+01 8.2252e+00 1.0341e+01 9.1222e+00 9.7642e+00
 112.5000 9.2124e+00 8.0870e+00 1.0278e+01 8.1086e+00 1.0194e+01 8.9929e+00 9.6260e+00
 112.7500 9.0821e+00 7.9725e+00 1.0132e+01 7.9938e+00 1.0050e+01 8.8657e+00 9.4900e+00
 113.0000 8.9539e+00 7.8598e+00 9.9893e+00 7.8808e+00 9.9080e+00 8.7404e+00 9.3562e+00
 113.2500 8.8277e+00 7.7489e+00 9.8485e+00 7.7696e+00 9.7683e+00 8.6172e+00 9.2245e+00
 113.5000 8.7035e+00 7.6397e+00 9.7100e+00 7.6602e+00 9.6308e+00 8.4960e+00 9.0949e+00
 113.7500 8.5813e+00 7.5323e+00 9.5736e+00 7.5525e+00 9.4955e+00 8.3766e+00 8.9673e+00
 114.0000 8.4610e+00 7.4266e+00 9.4394e+00 7.4465e+00 9.3623e+00 8.2592e+00 8.8418e+00
 114.2500 8.3427e+00 7.3225e+00 9.3073e+00 7.3422e+00 9.2312e+00 8.1436e+00 8.7182e+00
 114.5000 8.2261e+00 7.2201e+00 9.1773e+00 7.2395e+00 9.1022e+00 8.0298e+00 8.5966e+00
 114.7500 8.1114e+00 7.1193e+00 9.0494e+00 7.1384e+00 8.9752e+00 7.9178e+00 8.4769e+00
 115.0000 7.9985e+00 7.0201e+00 8.9234e+00 7.0389e+00 8.8502e+00 7.8076e+00 8.3591e+00
 115.2500 7.8873e+00 6.9224e+00 8.7994e+00 6.9410e+00 8.7272e+00 7.6991e+00 8.2431e+00
 115.5000 7.7779e+00 6.8263e+00 8.6774e+00 6.8446e+00 8.6061e+00 7.5923e+00 8.1289e+00
 115.7500 7.6702e+00 6.7316e+00 8.5573e+00 6.7497e+00 8.4869e+00 7.4872e+00 8.0166e+00
 116.0000 7.5642e+00 6.6385e+00 8.4390e+00 6.6562e+00 8.3695e+00 7.3837e+00 7.9059e+00
 116.2500 7.4598e+00 6.5468e+00 8.3225e+00 6.5643e+00 8.2539e+00 7.2818e+00 7.7970e+00
 116.5000 7.3571e+00 6.4565e+00 8.2079e+00 6.4737e+00 8.1402e+00 7.1815e+00 7.6898e+00
 116.7500 7.2559e+00 6.3676e+00 8.0951e+00 6.3846e+00 8.0282e+00 7.0827e+00 7.5842e+00
 117.0000 7.1563e+00 6.2800e+00 7.9840e+00 6.2968e+00 7.9179e+00 6.9855e+00 7.4803e+00
 117.2500 7.0582e+00 6.1939e+00 7.8746e+00 6.2104e+00 7.8094e+00 6.8898e+00 7.3779e+00
 117.5000 6.9616e+00 6.1090e+00 7.7669e+00 6.1254e+00 7.7025e+00 6.7955e+00 7.2772e+00
 117.7500 6.8665e+00 6.0255e+00 7.6608e+00 6.0416e+00 7.5972e+00 6.7027e+00 7.1780e+00
 118.0000 6.7729e+00 5.9432e+00 7.5564e+00 5.9591e+00 7.4936e+00 6.6113e+00 7.0803e+00
 118.2500 6.6807e+00 5.8622e+00 7.4536e+00 5.8779e+00 7.3916e+00 6.5214e+00 6.9841e+00
 118.5000 6.5899e+00 5.7825e+00 7.3524e+00 5.7979e+00 7.2911e+00 6.4328e+00 6.8893e+00
 118.7500 6.5005e+00 5.7039e+00 7.2527e+00 5.7192e+00 7.1922e+00 6.3455e+00 6.7961e+00
 119.0000 6.4125e+00 5.6266e+00 7.1545e+00 5.6416e+00 7.0947e+00 6.2596e+00 6.7042e+00
 119.2500 6.3258e+00 5.5504e+00 7.0578e+00 5.5652e+00 6.9988e+00 6.1750e+00 6.6137e+00
 119.5000 6.2405e+00 5.4754e+00 6.9626e+00 5.4901e+00 6.9043e+00 6.0916e+00 6.5246e+00
 119.7500 6.1564e+00 5.4016e+00 6.8688e+00 5.4160e+00 6.8112e+00 6.0096e+00 6.4369e+00
 120.0000 6.0736e+00 5.3288e+00 6.7764e+00 5.3430e+00 6.7196e+00 5.9288e+00 6.3505e+00
 120.2500 5.9920e+00 5.2572e+00 6.6855e+00 5.2712e+00 6.6293e+00 5.8492e+00 6.2653e+00
 120.5000 5.9117e+00 5.1866e+00 6.5959e+00 5.2004e+00 6.5404e+00 5.7708e+00 6.1815e+00
 120.7500 5.8326e+00 5.1171e+00 6.5077e+00 5.1307e+00 6.4529e+00 5.6935e+00 6.0989e+00
 121.0000 5.7546e+00 5.0487e+00 6.4207e+00 5.0621e+00 6.3666e+00 5.6175e+00 6.0176e+00
 121.2500 5.6779e+00 4.9812e+00 6.3351e+00 4.9945e+00 6.2817e+00 5.5426e+00 5.9375e+00
 121.5000 5.6022e+00 4.9148e+00 6.2508e+00 4.9279e+00 6.1980e+00 5.4688e+00 5.8586e+00
 121.7500 5.5278e+00 4.8494e+00 6.1677e+00 4.8623e+00 6.1156e+00 5.3960e+00 5.7808e+00
 122.0000 5.4544e+00 4.7850e+00 6.0859e+00 4.7977e+00 6.0344e+00 5.3244e+00 5.7042e+00
 122.2500 5.3821e+00 4.7215e+00 6.0053e+00 4.7340e+00 5.9544e+00 5.2539e+00 5.6288e+00
 122.5000 5.3109e+00 4.6589e+00 5.9259e+00 4.6713e+00 5.8756e+00 5.1844e+00 5.5544e+00
 122.7500 5.2408e+00 4.5973e+00 5.8477e+00 4.6096e+00 5.7980e+00 5.1159e+00 5.4812e+00
 123.0000 5.1717e+00 4.5366e+00 5.7706e+00 4.5487e+00 5.7215e+00 5.0484e+00 5.4090e+00
 123.2500 5.1036e+00 4.4768e+00 5.6946e+00 4.4887e+00 5.6462e+00 4.9820e+00 5.3380e+00
 123.5000 5.0366e+00 4.4179e+00 5.6198e+00 4.4297e+00 5.5720e+00 4.9165e+00 5.2679e+00
 123.7500 4.9705e+00 4.3599e+00 5.5461e+00 4.3715e+00 5.4989e+00 4.8520e+00 5.1989e+00
 124.0000 4.9054e+00 4.3027e+00 5.4735e+00 4.3142e+00 5.4268e+00 4.7884e+00 5.1309e+00
 124.2500 4.8412e+00 4.2464e+00 5.4019e+00 4.2577e+00 5.3558e+00 4.7258e+00 5.0639e+00
 124.5000 4.7780e+00 4.1909e+00 5.3314e+00 4.2020e+00 5.2859e+00 4.6641e+00 4.9979e+00
 124.7500 4.7158e+00 4.1362e+00 5.2620e+00 4.1472e+00 5.2170e+00 4.6033e+00 4.9328e+00
 125.0000 4.6544e+00 4.0823e+00 5.1935e+00 4.0931e+00 5.1491e+00 4.5433e+00 4.8687e+00
 125.2500 4.5939e+00 4.0292e+00 5.1261e+00 4.0399e+00 5.0822e+00 4.4843e+00 4.8055e+00
 125.5000 4.5343e+00 3.9768e+00 5.0596e+00 3.9874e+00 5.0162e+00 4.4261e+00 4.7433e+00
 125.7500 4.4756e+00 3.9253e+00 4.9941e+00 3.9357e+00 4.9513e+00 4.3687e+00 4.6819e+00
 126.0000 4.4178e+00 3.8744e+00 4.9295e+00 3.8848e+00 4.8872e+00 4.3122e+00 4.6215e+00
 126.2500 4.3608e+00 3.8244e+00 4.8659e+00 3.8346e+00 4.8241e+00 4.2566e+00 4.5619e+00
 126.5000 4.3046e+00 3.7750e+00 4.8032e+00 3.7851e+00 4.7620e+00 4.2017e+00 4.5032e+00
 126.7500 4.2492e+00 3.7264e+00 4.7414e+00 3.7363e+00 4.7007e+00 4.1476e+00 4.4453e+00
 127.0000 4.1946e+00 3.6785e+00 4.6806e+00 3.6883e+00 4.6403e+00 4.0943e+00 4.3883e+00
 127.2500 4.1408e+00 3.6312e+00 4.6205e+00 3.6409e+00 4.5808e+00 4.0418e+00 4.3321e+00
 127.5000 4.0878e+00 3.5847e+00 4.5614e+00 3.5943e+00 4.5221e+00 3.9900e+00 4.2767e+00
 127.7500 4.0356e+00 3.5388e+00 4.5031e+00 3.5482e+00 4.4643e+00 3.9390e+00 4.2221e+00
 128.0000 3.9841e+00 3.4935e+00 4.4456e+00 3.5029e+00 4.4073e+00 3.8887e+00 4.1682e+00
 128.2500 3.9333e+00 3.4490e+00 4.3890e+00 3.4582e+00 4.3512e+00 3.8392e+00 4.1152e+00
 128.5000 3.8833e+00 3.4050e+00 4.3332e+00 3.4142e+00 4.2958e+00 3.7903e+00 4.0629e+00
 128.7500 3.8340e+00 3.3617e+00 4.2782e+00 3.3707e+00 4.2412e+00 3.7422e+00 4.0113e+00
 129.0000 3.7853e+00 3.3191e+00 4.2239e+00 3.3279e+00 4.1874e+00 3.6947e+00 3.9605e+00
 129.2500 3.7374e+00 3.2770e+00 4.1705e+00 3.2858e+00 4.1344e+00 3.6479e+00 3.9104e+00
 129.5000 3.6902e+00 3.2355e+00 4.1178e+00 3.2442e+00 4.0822e+00 3.6018e+00 3.8610e+00
 129.7500 3.6436e+00 3.1946e+00 4.0658e+00 3.2032e+00 4.0306e+00 3.5564e+00 3.8123e+00
 130.0000 3.5977e+00 3.1543e+00 4.0146e+00 3.1627e+00 3.9798e+00 3.5116e+00 3.7643e+00
 130.2500 3.5524e+00 3.1146e+00 3.9641e+00 3.1229e+00 3.9298e+00 3.4674e+00 3.7170e+00
 130.5000 3.5078e+00 3.0754e+00 3.9143e+00 3.0836e+00 3.8804e+00 3.4238e+00 3.6704e+00
 130.7500 3.4638e+00 3.0368e+00 3.8652e+00 3.0449e+00 3.8317e+00 3.3809e+00 3.6244e+00
 131.0000 3.4205e+00 2.9987e+00 3.8169e+00 3.0067e+00 3.7838e+00 3.3386e+00 3.5791e+00
 131.2500 3.3777e+00 2.9612e+00 3.7692e+00 2.9691e+00 3.7365e+00 3.2968e+00 3.5343e+00
 131.5000 3.3356e+00 2.9241e+00 3.7221e+00 2.9320e+00 3.6898e+00 3.2557e+00 3.4903e+00
 131.7500 3.2940e+00 2.8877e+00 3.6758e+00 2.8954e+00 3.6438e+00 3.2151e+00 3.4468e+00
 132.0000 3.2530e+00 2.8517e+00 3.6300e+00 2.8593e+00 3.5985e+00 3.1751e+00 3.4040e+00
 132.2500 3.2126e+00 2.8162e+00 3.5849e+00 2.8237e+00 3.5538e+00 3.1357e+00 3.3617e+00
 132.5000 3.1728e+00 2.7812e+00 3.5405e+00 2.7887e+00 3.5097e+00 3.0968e+00 3.3200e+00
 132.7500 3.1335e+00 2.7467e+00 3.4966e+00 2.7541e+00 3.4662e+00 3.0584e+00 3.2789e+00
 133.0000 3.0947e+00 2.7127e+00 3.4534e+00 2.7200e+00 3.4234e+00 3.0206e+00 3.2384e+00
 133.2500 3.0565e+00 2.6792e+00 3.4108e+00 2.6863e+00 3.3811e+00 2.9833e+00 3.1985e+00
 133.5000 3.0188e+00 2.6461e+00 3.3688e+00 2.6532e+00 3.3394e+00 2.9465e+00 3.1591e+00
 133.7500 2.9817e+00 2.6135e+00 3.3273e+00 2.6205e+00 3.2983e+00 2.9103e+00 3.1202e+00
 134.0000 2.9450e+00 2.5813e+00 3.2864e+00 2.5882e+00 3.2578e+00 2.8745e+00 3.0819e+00
 134.2500 2.9089e+00 2.5496e+00 3.2461e+00 2.5564e+00 3.2178e+00 2.8393e+00 3.0441e+00
 134.5000 2.8733e+00 2.5183e+00 3.2063e+00 2.5250e+00 3.1784e+00 2.8045e+00 3.0068e+00
 134.7500 2.8381e+00 2.4875e+00 3.1671e+00 2.4941e+00 3.1395e+00 2.7702e+00 2.9701e+00
 135.0000 2.8034e+00 2.4571e+00 3.1285e+00 2.4636e+00 3.1012e+00 2.7364e+00 2.9338e+00
 135.2500 2.7692e+00 2.4270e+00 3.0903e+00 2.4335e+00 3.0633e+00 2.7030e+00 2.8980e+00
 135.5000 2.7355e+00 2.3974e+00 3.0527e+00 2.4038e+00 3.0261e+00 2.6701e+00 2.8628e+00
 135.7500 2.7023e+00 2.3683e+00 3.0156e+00 2.3746e+00 2.9893e+00 2.6376e+00 2.8280e+00
 136.0000 2.6695e+00 2.3395e+00 2.9790e+00 2.3457e+00 2.9530e+00 2.6056e+00 2.7936e+00
 136.2500 2.6371e+00 2.3111e+00 2.9429e+00 2.3172e+00 2.9172e+00 2.5741e+00 2.7598e+00
 136.5000 2.6052e+00 2.2831e+00 2.9073e+00 2.2891e+00 2.8819e+00 2.5429e+00 2.7264e+00
 136.7500 2.5737e+00 2.2554e+00 2.8721e+00 2.2614e+00 2.8470e+00 2.5122e+00 2.6935e+00
 137.0000 2.5426e+00 2.2282e+00 2.8375e+00 2.2341e+00 2.8127e+00 2.4819e+00 2.6610e+00
 137.2500 2.5120e+00 2.2013e+00 2.8033e+00 2.2071e+00 2.7788e+00 2.4520e+00 2.6289e+00
 137.5000 2.4818e+00 2.1748e+00 2.7696e+00 2.1805e+00 2.7454e+00 2.4225e+00 2.5973e+00
 137.7500 2.4520e+00 2.1486e+00 2.7363e+00 2.1543e+00 2.7124e+00 2.3934e+00 2.5661e+00
 138.0000 2.4226e+00 2.1228e+00 2.7035e+00 2.1284e+00 2.6799e+00 2.3647e+00 2.5353e+00
 138.2500 2.3935e+00 2.0973e+00 2.6711e+00 2.1029e+00 2.6478e+00 2.3364e+00 2.5050e+00
 138.5000 2.3649e+00 2.0722e+00 2.6392e+00 2.0777e+00 2.6161e+00 2.3085e+00 2.4750e+00
 138.7500 2.3367e+00 2.0474e+00 2.6077e+00 2.0528e+00 2.5848e+00 2.2809e+00 2.4455e+00
 139.0000 2.3088e+00 2.0230e+00 2.5766e+00 2.0283e+00 2.5540e+00 2.2538e+00 2.4163e+00
 139.2500 2.2813e+00 1.9988e+00 2.5459e+00 2.0041e+00 2.5236e+00 2.2269e+00 2.3876e+00
 139.5000 2.2542e+00 1.9750e+00 2.5156e+00 1.9803e+00 2.4936e+00 2.2005e+00 2.3592e+00
 139.7500 2.2274e+00 1.9516e+00 2.4858e+00 1.9567e+00 2.4640e+00 2.1744e+00 2.3312e+00
 140.0000 2.2010e+00 1.9284e+00 2.4563e+00 1.9335e+00 2.4348e+00 2.1486e+00 2.3035e+00
 140.2500 2.1749e+00 1.9055e+00 2.4272e+00 1.9105e+00 2.4060e+00 2.1232e+00 2.2763e+00
 140.5000 2.1492e+00 1.8830e+00 2.3985e+00 1.8879e+00 2.3775e+00 2.0981e+00 2.2494e+00
 140.7500 2.1239e+00 1.8607e+00 2.3702e+00 1.8656e+00 2.3495e+00 2.0734e+00 2.2228e+00
 141.0000 2.0988e+00 1.8387e+00 2.3423e+00 1.8436e+00 2.3218e+00 2.0490e+00 2.1966e+00
 141.2500 2.0741e+00 1.8171e+00 2.3147e+00 1.8218e+00 2.2945e+00 2.0249e+00 2.1708e+00
 141.5000 2.0497e+00 1.7957e+00 2.2875e+00 1.8004e+00 2.2675e+00 2.0011e+00 2.1453e+00
 141.7500 2.0257e+00 1.7746e+00 2.2607e+00 1.7792e+00 2.2409e+00 1.9776e+00 2.1201e+00
 142.0000 2.0019e+00 1.7538e+00 2.2342e+00 1.7583e+00 2.2146e+00 1.9545e+00 2.0952e+00
 142.2500 1.9785e+00 1.7332e+00 2.2081e+00 1.7377e+00 2.1887e+00 1.9316e+00 2.0707e+00
 142.5000 1.9554e+00 1.7129e+00 2.1823e+00 1.7174e+00 2.1631e+00 1.9090e+00 2.0465e+00
 142.7500 1.9326e+00 1.6929e+00 2.1568e+00 1.6973e+00 2.1379e+00 1.8868e+00 2.0226e+00
 143.0000 1.9101e+00 1.6731e+00 2.1317e+00 1.6775e+00 2.1130e+00 1.8648e+00 1.9991e+00
 143.2500 1.8878e+00 1.6536e+00 2.1069e+00 1.6579e+00 2.0884e+00 1.8432e+00 1.9758e+00
 143.5000 1.8659e+00 1.6344e+00 2.0824e+00 1.6386e+00 2.0642e+00 1.8217e+00 1.9528e+00
 143.7500 1.8442e+00 1.6154e+00 2.0582e+00 1.6196e+00 2.0402e+00 1.8006e+00 1.9302e+00
 144.0000 1.8229e+00 1.5967e+00 2.0344e+00 1.6008e+00 2.0166e+00 1.7798e+00 1.9078e+00
 144.2500 1.8018e+00 1.5781e+00 2.0108e+00 1.5822e+00 1.9932e+00 1.7592e+00 1.8857e+00
 144.5000 1.7809e+00 1.5599e+00 1.9876e+00 1.5639e+00 1.9702e+00 1.7389e+00 1.8639e+00
 144.7500 1.7604e+00 1.5418e+00 1.9647e+00 1.5458e+00 1.9475e+00 1.7189e+00 1.8424e+00
 145.0000 1.7401e+00 1.5241e+00 1.9420e+00 1.5280e+00 1.9250e+00 1.6991e+00 1.8212e+00
 145.2500 1.7201e+00 1.5065e+00 1.9197e+00 1.5104e+00 1.9029e+00 1.6796e+00 1.8002e+00
 145.5000 1.7003e+00 1.4892e+00 1.8976e+00 1.4930e+00 1.8810e+00 1.6603e+00 1.7795e+00
 145.7500 1.6808e+00 1.4720e+00 1.8759e+00 1.4758e+00 1.8594e+00 1.6412e+00 1.7591e+00
 146.0000 1.6615e+00 1.4551e+00 1.8544e+00 1.4589e+00 1.8381e+00 1.6224e+00 1.7390e+00
 146.2500 1.6425e+00 1.4385e+00 1.8331e+00 1.4421e+00 1.8171e+00 1.6039e+00 1.7191e+00
 146.5000 1.6237e+00 1.4220e+00 1.8122e+00 1.4256e+00 1.7963e+00 1.5856e+00 1.6994e+00
 146.7500 1.6052e+00 1.4057e+00 1.7915e+00 1.4093e+00 1.7758e+00 1.5675e+00 1.6800e+00
 147.0000 1.5869e+00 1.3897e+00 1.7711e+00 1.3932e+00 1.7556e+00 1.5497e+00 1.6608e+00
 147.2500 1.5688e+00 1.3738e+00 1.7509e+00 1.3773e+00 1.7356e+00 1.5321e+00 1.6419e+00
 147.5000 1.5510e+00 1.3582e+00 1.7310e+00 1.3617e+00 1.7159e+00 1.5147e+00 1.6233e+00
 147.7500 1.5334e+00 1.3428e+00 1.7114e+00 1.3462e+00 1.6964e+00 1.4975e+00 1.6048e+00
 148.0000 1.5160e+00 1.3275e+00 1.6920e+00 1.3309e+00 1.6771e+00 1.4805e+00 1.5866e+00
 148.2500 1.4988e+00 1.3125e+00 1.6728e+00 1.3158e+00 1.6582e+00 1.4638e+00 1.5687e+00
 148.5000 1.4819e+00 1.2976e+00 1.6539e+00 1.3009e+00 1.6394e+00 1.4473e+00 1.5509e+00
 148.7500 1.4651e+00 1.2829e+00 1.6352e+00 1.2861e+00 1.6209e+00 1.4309e+00 1.5334e+00
 149.0000 1.4486e+00 1.2684e+00 1.6168e+00 1.2716e+00 1.6026e+00 1.4148e+00 1.5161e+00
 149.2500 1.4323e+00 1.2541e+00 1.5986e+00 1.2572e+00 1.5846e+00 1.3989e+00 1.4990e+00
 149.5000 1.4162e+00 1.2400e+00 1.5806e+00 1.2431e+00 1.5667e+00 1.3832e+00 1.4822e+00
 149.7500 1.4002e+00 1.2260e+00 1.5628e+00 1.2291e+00 1.5491e+00 1.3677e+00 1.4655e+00
 150.0000 1.3845e+00 1.2122e+00 1.5453e+00 1.2153e+00 1.5317e+00 1.3523e+00 1.4491e+00
 150.2500 1.3690e+00 1.1986e+00 1.5280e+00 1.2016e+00 1.5146e+00 1.3372e+00 1.4328e+00
 150.5000 1.3537e+00 1.1852e+00 1.5109e+00 1.1881e+00 1.4976e+00 1.3223e+00 1.4168e+00
 150.7500 1.3385e+00 1.1719e+00 1.4940e+00 1.1748e+00 1.4809e+00 1.3075e+00 1.4009e+00
 151.0000 1.3236e+00 1.1588e+00 1.4773e+00 1.1617e+00 1.4644e+00 1.2930e+00 1.3853e+00
 151.2500 1.3088e+00 1.1459e+00 1.4608e+00 1.1487e+00 1.4480e+00 1.2786e+00 1.3698e+00
 151.5000 1.2943e+00 1.1331e+00 1.4445e+00 1.1359e+00 1.4319e+00 1.2643e+00 1.3546e+00
 151.7500 1.2799e+00 1.1205e+00 1.4285e+00 1.1232e+00 1.4160e+00 1.2503e+00 1.3395e+00
 152.0000 1.2656e+00 1.1080e+00 1.4126e+00 1.1107e+00 1.4003e+00 1.2364e+00 1.3246e+00
 152.2500 1.2516e+00 1.0957e+00 1.3969e+00 1.0984e+00 1.3847e+00 1.2227e+00 1.3099e+00
 152.5000 1.2377e+00 1.0835e+00 1.3815e+00 1.0862e+00 1.3694e+00 1.2092e+00 1.2954e+00
 152.7500 1.2240e+00 1.0715e+00 1.3662e+00 1.0741e+00 1.3542e+00 1.1959e+00 1.2811e+00
 153.0000 1.2105e+00 1.0596e+00 1.3511e+00 1.0622e+00 1.3393e+00 1.1827e+00 1.2669e+00
 153.2500 1.1971e+00 1.0479e+00 1.3362e+00 1.0505e+00 1.3245e+00 1.1696e+00 1.2529e+00
 153.5000 1.1839e+00 1.0364e+00 1.3214e+00 1.0389e+00 1.3099e+00 1.1568e+00 1.2391e+00
 153.7500 1.1709e+00 1.0249e+00 1.3069e+00 1.0274e+00 1.2955e+00 1.1441e+00 1.2255e+00
 154.0000 1.1580e+00 1.0137e+00 1.2925e+00 1.0161e+00 1.2812e+00 1.1315e+00 1.2120e+00
 154.2500 1.1453e+00 1.0025e+00 1.2783e+00 1.0049e+00 1.2671e+00 1.1191e+00 1.1987e+00
 154.5000 1.1327e+00 9.9149e-01 1.2643e+00 9.9388e-01 1.2533e+00 1.1068e+00 1.1855e+00
 154.7500 1.1203e+00 9.8061e-01 1.2505e+00 9.8297e-01 1.2395e+00 1.0947e+00 1.1725e+00
 155.0000 1.1081e+00 9.6986e-01 1.2368e+00 9.7220e-01 1.2260e+00 1.0828e+00 1.1597e+00
 155.2500 1.0960e+00 9.5925e-01 1.2233e+00 9.6155e-01 1.2126e+00 1.0710e+00 1.1470e+00
 155.5000 1.0840e+00 9.4877e-01 1.2099e+00 9.5104e-01 1.1993e+00 1.0593e+00 1.1345e+00
 155.7500 1.0722e+00 9.3841e-01 1.1967e+00 9.4065e-01 1.1863e+00 1.0478e+00 1.1222e+00
 156.0000 1.0605e+00 9.2818e-01 1.1837e+00 9.3039e-01 1.1734e+00 1.0364e+00 1.1099e+00
 156.2500 1.0490e+00 9.1807e-01 1.1709e+00 9.2026e-01 1.1606e+00 1.0251e+00 1.0979e+00
 156.5000 1.0376e+00 9.0809e-01 1.1582e+00 9.1025e-01 1.1480e+00 1.0140e+00 1.0859e+00
 156.7500 1.0264e+00 8.9822e-01 1.1456e+00 9.0036e-01 1.1356e+00 1.0030e+00 1.0742e+00
 157.0000 1.0152e+00 8.8848e-01 1.1332e+00 8.9059e-01 1.1233e+00 9.9220e-01 1.0625e+00
 157.2500 1.0043e+00 8.7885e-01 1.1209e+00 8.8094e-01 1.1111e+00 9.8149e-01 1.0510e+00
 157.5000 9.9340e-01 8.6934e-01 1.1088e+00 8.7140e-01 1.0991e+00 9.7090e-01 1.0397e+00
 157.7500 9.8268e-01 8.5995e-01 1.0969e+00 8.6198e-01 1.0873e+00 9.6045e-01 1.0285e+00
 158.0000 9.7209e-01 8.5067e-01 1.0850e+00 8.5267e-01 1.0756e+00 9.5011e-01 1.0174e+00
 158.2500 9.6163e-01 8.4149e-01 1.0734e+00 8.4348e-01 1.0640e+00 9.3990e-01 1.0064e+00
 158.5000 9.5129e-01 8.3243e-01 1.0618e+00 8.3439e-01 1.0526e+00 9.2982e-01 9.9561e-01
 158.7500 9.4108e-01 8.2348e-01 1.0504e+00 8.2542e-01 1.0413e+00 9.1985e-01 9.8492e-01
 159.0000 9.3099e-01 8.1464e-01 1.0392e+00 8.1655e-01 1.0301e+00 9.1000e-01 9.7436e-01
 159.2500 9.2102e-01 8.0590e-01 1.0281e+00 8.0778e-01 1.0191e+00 9.0027e-01 9.6392e-01
 159.5000 9.1117e-01 7.9727e-01 1.0171e+00 7.9913e-01 1.0082e+00 8.9066e-01 9.5361e-01
 159.7500 9.0144e-01 7.8873e-01 1.0062e+00 7.9057e-01 9.9743e-01 8.8116e-01 9.4342e-01
 160.0000 8.9182e-01 7.8031e-01 9.9547e-01 7.8212e-01 9.8679e-01 8.7177e-01 9.3335e-01
 160.2500 8.8232e-01 7.7198e-01 9.8487e-01 7.7377e-01 9.7628e-01 8.6250e-01 9.2340e-01
 160.5000 8.7292e-01 7.6375e-01 9.7439e-01 7.6552e-01 9.6589e-01 8.5333e-01 9.1357e-01
 160.7500 8.6365e-01 7.5561e-01 9.6404e-01 7.5736e-01 9.5563e-01 8.4427e-01 9.0386e-01
 161.0000 8.5448e-01 7.4758e-01 9.5380e-01 7.4931e-01 9.4549e-01 8.3532e-01 8.9426e-01
 161.2500 8.4542e-01 7.3964e-01 9.4369e-01 7.4135e-01 9.3547e-01 8.2648e-01 8.8478e-01
 161.5000 8.3646e-01 7.3179e-01 9.3370e-01 7.3348e-01 9.2557e-01 8.1774e-01 8.7540e-01
 161.7500 8.2762e-01 7.2404e-01 9.2383e-01 7.2571e-01 9.1578e-01 8.0910e-01 8.6614e-01
 162.0000 8.1887e-01 7.1637e-01 9.1407e-01 7.1802e-01 9.0611e-01 8.0056e-01 8.5699e-01
 162.2500 8.1023e-01 7.0880e-01 9.0443e-01 7.1043e-01 8.9655e-01 7.9212e-01 8.4794e-01
 162.5000 8.0169e-01 7.0132e-01 8.9490e-01 7.0293e-01 8.8711e-01 7.8379e-01 8.3901e-01
 162.7500 7.9326e-01 6.9392e-01 8.8549e-01 6.9551e-01 8.7778e-01 7.7555e-01 8.3017e-01
 163.0000 7.8492e-01 6.8661e-01 8.7618e-01 6.8819e-01 8.6855e-01 7.6741e-01 8.2144e-01
 163.2500 7.7667e-01 6.7939e-01 8.6698e-01 6.8095e-01 8.5944e-01 7.5936e-01 8.1281e-01
 163.5000 7.6853e-01 6.7225e-01 8.5789e-01 6.7379e-01 8.5043e-01 7.5140e-01 8.0429e-01
 163.7500 7.6048e-01 6.6520e-01 8.4891e-01 6.6672e-01 8.4152e-01 7.4354e-01 7.9586e-01
 164.0000 7.5252e-01 6.5823e-01 8.4003e-01 6.5973e-01 8.3273e-01 7.3577e-01 7.8753e-01
 164.2500 7.4466e-01 6.5134e-01 8.3126e-01 6.5282e-01 8.2403e-01 7.2809e-01 7.7930e-01
 164.5000 7.3689e-01 6.4453e-01 8.2258e-01 6.4599e-01 8.1543e-01 7.2050e-01 7.7116e-01
 164.7500 7.2920e-01 6.3780e-01 8.1401e-01 6.3924e-01 8.0693e-01 7.1300e-01 7.6312e-01
 165.0000 7.2161e-01 6.3114e-01 8.0554e-01 6.3257e-01 7.9854e-01 7.0558e-01 7.5517e-01
 165.2500 7.1411e-01 6.2457e-01 7.9717e-01 6.2598e-01 7.9024e-01 6.9825e-01 7.4732e-01
 165.5000 7.0669e-01 6.1807e-01 7.8889e-01 6.1947e-01 7.8203e-01 6.9101e-01 7.3955e-01
 165.7500 6.9936e-01 6.1164e-01 7.8071e-01 6.1303e-01 7.7392e-01 6.8384e-01 7.3188e-01
 166.0000 6.9211e-01 6.0529e-01 7.7262e-01 6.0666e-01 7.6591e-01 6.7676e-01 7.2429e-01
 166.2500 6.8495e-01 5.9902e-01 7.6463e-01 6.0037e-01 7.5799e-01 6.6977e-01 7.1679e-01
 166.5000 6.7787e-01 5.9281e-01 7.5673e-01 5.9415e-01 7.5016e-01 6.6285e-01 7.0938e-01
 166.7500 6.7087e-01 5.8668e-01 7.4892e-01 5.8800e-01 7.4241e-01 6.5601e-01 7.0205e-01
 167.0000 6.6395e-01 5.8062e-01 7.4119e-01 5.8192e-01 7.3476e-01 6.4925e-01 6.9481e-01
 167.2500 6.5711e-01 5.7462e-01 7.3356e-01 5.7592e-01 7.2720e-01 6.4257e-01 6.8765e-01
 167.5000 6.5035e-01 5.6870e-01 7.2602e-01 5.6998e-01 7.1972e-01 6.3596e-01 6.8058e-01
 167.7500 6.4366e-01 5.6285e-01 7.1856e-01 5.6411e-01 7.1233e-01 6.2943e-01 6.7358e-01
 168.0000 6.3706e-01 5.5706e-01 7.1119e-01 5.5831e-01 7.0502e-01 6.2297e-01 6.6666e-01
 168.2500 6.3052e-01 5.5133e-01 7.0390e-01 5.5257e-01 6.9779e-01 6.1659e-01 6.5983e-01
 168.5000 6.2407e-01 5.4568e-01 6.9669e-01 5.4690e-01 6.9065e-01 6.1028e-01 6.5307e-01
 168.7500 6.1768e-01 5.4008e-01 6.8957e-01 5.4129e-01 6.8359e-01 6.0404e-01 6.4638e-01
 169.0000 6.1137e-01 5.3456e-01 6.8253e-01 5.3575e-01 6.7661e-01 5.9787e-01 6.3978e-01
 169.2500 6.0513e-01 5.2909e-01 6.7557e-01 5.3027e-01 6.6971e-01 5.9178e-01 6.3325e-01
 169.5000 5.9896e-01 5.2369e-01 6.6868e-01 5.2485e-01 6.6289e-01 5.8575e-01 6.2679e-01
 169.7500 5.9286e-01 5.1834e-01 6.6188e-01 5.1950e-01 6.5614e-01 5.7979e-01 6.2041e-01
 170.0000 5.8683e-01 5.1306e-01 6.5515e-01 5.1421e-01 6.4947e-01 5.7389e-01 6.1410e-01
 170.2500 5.8087e-01 5.0784e-01 6.4850e-01 5.0897e-01 6.4288e-01 5.6807e-01 6.0786e-01
 170.5000 5.7498e-01 5.0268e-01 6.4192e-01 5.0380e-01 6.3636e-01 5.6230e-01 6.0169e-01
 170.7500 5.6915e-01 4.9757e-01 6.3542e-01 4.9868e-01 6.2992e-01 5.5661e-01 5.9559e-01
 171.0000 5.6339e-01 4.9252e-01 6.2899e-01 4.9362e-01 6.2354e-01 5.5097e-01 5.8956e-01
 171.2500 5.5769e-01 4.8754e-01 6.2263e-01 4.8862e-01 6.1724e-01 5.4540e-01 5.8360e-01
 171.5000 5.5206e-01 4.8260e-01 6.1635e-01 4.8367e-01 6.1101e-01 5.3990e-01 5.7770e-01
 171.7500 5.4649e-01 4.7772e-01 6.1013e-01 4.7878e-01 6.0485e-01 5.3445e-01 5.7188e-01
 172.0000 5.4098e-01 4.7290e-01 6.0399e-01 4.7395e-01 5.9876e-01 5.2907e-01 5.6611e-01
 172.2500 5.3554e-01 4.6813e-01 5.9791e-01 4.6917e-01 5.9274e-01 5.2374e-01 5.6041e-01
 172.5000 5.3015e-01 4.6341e-01 5.9190e-01 4.6444e-01 5.8678e-01 5.1848e-01 5.5478e-01
 172.7500 5.2483e-01 4.5875e-01 5.8596e-01 4.5977e-01 5.8089e-01 5.1327e-01 5.4921e-01
 173.0000 5.1956e-01 4.5414e-01 5.8009e-01 4.5515e-01 5.7507e-01 5.0812e-01 5.4370e-01
 173.2500 5.1436e-01 4.4958e-01 5.7428e-01 4.5058e-01 5.6931e-01 5.0303e-01 5.3825e-01
 173.5000 5.0921e-01 4.4507e-01 5.6853e-01 4.4606e-01 5.6361e-01 4.9799e-01 5.3286e-01
 173.7500 5.0411e-01 4.4061e-01 5.6285e-01 4.4159e-01 5.5798e-01 4.9301e-01 5.2753e-01
 174.0000 4.9908e-01 4.3620e-01 5.5723e-01 4.3717e-01 5.5241e-01 4.8809e-01 5.2226e-01
 174.2500 4.9410e-01 4.3184e-01 5.5168e-01 4.3280e-01 5.4690e-01 4.8322e-01 5.1705e-01
 174.5000 4.8918e-01 4.2753e-01 5.4618e-01 4.2848e-01 5.4146e-01 4.7840e-01 5.1190e-01
 174.7500 4.8431e-01 4.2326e-01 5.4075e-01 4.2420e-01 5.3607e-01 4.7364e-01 5.0681e-01
 175.0000 4.7949e-01 4.1905e-01 5.3538e-01 4.1998e-01 5.3075e-01 4.6893e-01 5.0177e-01
 175.2500 4.7473e-01 4.1487e-01 5.3006e-01 4.1580e-01 5.2548e-01 4.6427e-01 4.9678e-01
 175.5000 4.7002e-01 4.1075e-01 5.2481e-01 4.1166e-01 5.2027e-01 4.5966e-01 4.9185e-01
 175.7500 4.6536e-01 4.0667e-01 5.1961e-01 4.0757e-01 5.1511e-01 4.5510e-01 4.8698e-01
 176.0000 4.6075e-01 4.0264e-01 5.1447e-01 4.0353e-01 5.1002e-01 4.5059e-01 4.8216e-01
 176.2500 4.5619e-01 3.9865e-01 5.0939e-01 3.9953e-01 5.0498e-01 4.4614e-01 4.7739e-01
 176.5000 4.5169e-01 3.9470e-01 5.0436e-01 3.9558e-01 4.9999e-01 4.4172e-01 4.7268e-01
 176.7500 4.4723e-01 3.9080e-01 4.9938e-01 3.9167e-01 4.9506e-01 4.3736e-01 4.6802e-01
 177.0000 4.4282e-01 3.8694e-01 4.9446e-01 3.8780e-01 4.9018e-01 4.3305e-01 4.6340e-01
 177.2500 4.3846e-01 3.8312e-01 4.8960e-01 3.8397e-01 4.8536e-01 4.2878e-01 4.5884e-01
 177.5000 4.3415e-01 3.7934e-01 4.8479e-01 3.8019e-01 4.8059e-01 4.2456e-01 4.5433e-01
 177.7500 4.2988e-01 3.7561e-01 4.8003e-01 3.7644e-01 4.7587e-01 4.2039e-01 4.4987e-01
 178.0000 4.2566e-01 3.7191e-01 4.7532e-01 3.7274e-01 4.7120e-01 4.1625e-01 4.4545e-01
 178.2500 4.2149e-01 3.6826e-01 4.7066e-01 3.6908e-01 4.6659e-01 4.1217e-01 4.4109e-01
 178.5000 4.1736e-01 3.6464e-01 4.6606e-01 3.6546e-01 4.6202e-01 4.0813e-01 4.3677e-01
 178.7500 4.1327e-01 3.6107e-01 4.6150e-01 3.6188e-01 4.5750e-01 4.0413e-01 4.3250e-01
 179.0000 4.0923e-01 3.5753e-01 4.5699e-01 3.5833e-01 4.5303e-01 4.0018e-01 4.2828e-01
 179.2500 4.0524e-01 3.5403e-01 4.5254e-01 3.5483e-01 4.4861e-01 3.9626e-01 4.2409e-01
 179.5000 4.0128e-01 3.5057e-01 4.4812e-01 3.5136e-01 4.4424e-01 3.9239e-01 4.1996e-01
 179.7500 3.9737e-01 3.4715e-01 4.4376e-01 3.4793e-01 4.3992e-01 3.8857e-01 4.1587e-01
 180.0000 3.9350e-01 3.4377e-01 4.3945e-01 3.4454e-01 4.3563e-01 3.8478e-01 4.1183e-01
 180.2500 3.8968e-01 3.4042e-01 4.3518e-01 3.4118e-01 4.3140e-01 3.8103e-01 4.0782e-01
 180.5000 3.8589e-01 3.3710e-01 4.3095e-01 3.3786e-01 4.2722e-01 3.7733e-01 4.0387e-01
 180.7500 3.8215e-01 3.3382e-01 4.2678e-01 3.3458e-01 4.2307e-01 3.7366e-01 3.9995e-01
 181.0000 3.7844e-01 3.3058e-01 4.2264e-01 3.3133e-01 4.1897e-01 3.7003e-01 3.9608e-01
 181.2500 3.7478e-01 3.2737e-01 4.1855e-01 3.2811e-01 4.1492e-01 3.6644e-01 3.9225e-01
 181.5000 3.7115e-01 3.2420e-01 4.1451e-01 3.2493e-01 4.1091e-01 3.6289e-01 3.8845e-01
 181.7500 3.6756e-01 3.2106e-01 4.1051e-01 3.2179e-01 4.0694e-01 3.5938e-01 3.8470e-01
 182.0000 3.6401e-01 3.1795e-01 4.0655e-01 3.1867e-01 4.0301e-01 3.5590e-01 3.8099e-01
 182.2500 3.6050e-01 3.1488e-01 4.0263e-01 3.1560e-01 3.9913e-01 3.5246e-01 3.7732e-01
 182.5000 3.5703e-01 3.1184e-01 3.9876e-01 3.1255e-01 3.9528e-01 3.4906e-01 3.7369e-01
 182.7500 3.5359e-01 3.0883e-01 3.9492e-01 3.0954e-01 3.9148e-01 3.4569e-01 3.7010e-01
 183.0000 3.5019e-01 3.0586e-01 3.9113e-01 3.0655e-01 3.8772e-01 3.4236e-01 3.6654e-01
 183.2500 3.4683e-01 3.0291e-01 3.8737e-01 3.0360e-01 3.8400e-01 3.3907e-01 3.6303e-01
 183.5000 3.4350e-01 3.0000e-01 3.8366e-01 3.0068e-01 3.8031e-01 3.3581e-01 3.5955e-01
 183.7500 3.4020e-01 2.9712e-01 3.7999e-01 2.9780e-01 3.7667e-01 3.3258e-01 3.5610e-01
 184.0000 3.3694e-01 2.9426e-01 3.7635e-01 2.9494e-01 3.7306e-01 3.2938e-01 3.5270e-01
 184.2500 3.3372e-01 2.9144e-01 3.7275e-01 2.9211e-01 3.6950e-01 3.2622e-01 3.4933e-01
 184.5000 3.3053e-01 2.8865e-01 3.6919e-01 2.8931e-01 3.6597e-01 3.2310e-01 3.4599e-01
 184.7500 3.2737e-01 2.8589e-01 3.6567e-01 2.8655e-01 3.6247e-01 3.2000e-01 3.4269e-01
 185.0000 3.2425e-01 2.8315e-01 3.6219e-01 2.8381e-01 3.5902e-01 3.1694e-01 3.3943e-01
 185.2500 3.2115e-01 2.8045e-01 3.5874e-01 2.8110e-01 3.5560e-01 3.1391e-01 3.3620e-01
 185.5000 3.1810e-01 2.7777e-01 3.5533e-01 2.7842e-01 3.5221e-01 3.1092e-01 3.3300e-01
 185.7500 3.1507e-01 2.7512e-01 3.5195e-01 2.7576e-01 3.4886e-01 3.0795e-01 3.2984e-01
 186.0000 3.1207e-01 2.7250e-01 3.4861e-01 2.7314e-01 3.4555e-01 3.0501e-01 3.2671e-01
 186.2500 3.0911e-01 2.6991e-01 3.4530e-01 2.7054e-01 3.4227e-01 3.0211e-01 3.2361e-01
 186.5000 3.0618e-01 2.6735e-01 3.4203e-01 2.6797e-01 3.3903e-01 2.9924e-01 3.2055e-01
 186.7500 3.0328e-01 2.6481e-01 3.3880e-01 2.6543e-01 3.3582e-01 2.9639e-01 3.1752e-01
 187.0000 3.0040e-01 2.6230e-01 3.3559e-01 2.6291e-01 3.3264e-01 2.9358e-01 3.1452e-01
 187.2500 2.9756e-01 2.5981e-01 3.3242e-01 2.6042e-01 3.2949e-01 2.9079e-01 3.1155e-01
 187.5000 2.9475e-01 2.5735e-01 3.2929e-01 2.5796e-01 3.2638e-01 2.8803e-01 3.0861e-01
 187.7500 2.9197e-01 2.5492e-01 3.2619e-01 2.5552e-01 3.2331e-01 2.8531e-01 3.0571e-01
 188.0000 2.8921e-01 2.5251e-01 3.2312e-01 2.5311e-01 3.2026e-01 2.8261e-01 3.0283e-01
 188.2500 2.8649e-01 2.5012e-01 3.2008e-01 2.5072e-01 3.1724e-01 2.7994e-01 2.9999e-01
 188.5000 2.8379e-01 2.4777e-01 3.1707e-01 2.4836e-01 3.1426e-01 2.7729e-01 2.9717e-01
 188.7500 2.8113e-01 2.4543e-01 3.1409e-01 2.4602e-01 3.1131e-01 2.7468e-01 2.9438e-01
 189.0000 2.7848e-01 2.4312e-01 3.1115e-01 2.4371e-01 3.0839e-01 2.7209e-01 2.9163e-01
 189.2500 2.7587e-01 2.4084e-01 3.0823e-01 2.4142e-01 3.0550e-01 2.6953e-01 2.8890e-01
 189.5000 2.7328e-01 2.3857e-01 3.0535e-01 2.3915e-01 3.0264e-01 2.6699e-01 2.8619e-01
 189.7500 2.7072e-01 2.3634e-01 3.0250e-01 2.3691e-01 2.9980e-01 2.6448e-01 2.8352e-01
 190.0000 2.6819e-01 2.3412e-01 2.9967e-01 2.3469e-01 2.9700e-01 2.6200e-01 2.8088e-01
 190.2500 2.6569e-01 2.3193e-01 2.9687e-01 2.3249e-01 2.9423e-01 2.5954e-01 2.7826e-01
 190.5000 2.6320e-01 2.2976e-01 2.9411e-01 2.3032e-01 2.9148e-01 2.5711e-01 2.7567e-01
 190.7500 2.6075e-01 2.2761e-01 2.9137e-01 2.2817e-01 2.8877e-01 2.5470e-01 2.7310e-01
 191.0000 2.5832e-01 2.2549e-01 2.8866e-01 2.2604e-01 2.8608e-01 2.5232e-01 2.7057e-01
 191.2500 2.5591e-01 2.2338e-01 2.8598e-01 2.2393e-01 2.8342e-01 2.4996e-01 2.6806e-01
 191.5000 2.5353e-01 2.2130e-01 2.8332e-01 2.2185e-01 2.8078e-01 2.4762e-01 2.6557e-01
 191.7500 2.5118e-01 2.1924e-01 2.8070e-01 2.1978e-01 2.7818e-01 2.4531e-01 2.6311e-01
 192.0000 2.4885e-01 2.1720e-01 2.7810e-01 2.1774e-01 2.7560e-01 2.4302e-01 2.6067e-01
 192.2500 2.4654e-01 2.1518e-01 2.7552e-01 2.1572e-01 2.7304e-01 2.4076e-01 2.5827e-01
 192.5000 2.4425e-01 2.1319e-01 2.7298e-01 2.1372e-01 2.7052e-01 2.3852e-01 2.5588e-01
 192.7500 2.4199e-01 2.1121e-01 2.7045e-01 2.1174e-01 2.6801e-01 2.3630e-01 2.5352e-01
 193.0000 2.3975e-01 2.0925e-01 2.6796e-01 2.0978e-01 2.6554e-01 2.3411e-01 2.5118e-01
 193.2500 2.3754e-01 2.0732e-01 2.6549e-01 2.0784e-01 2.6309e-01 2.3194e-01 2.4887e-01
 193.5000 2.3535e-01 2.0540e-01 2.6304e-01 2.0592e-01 2.6066e-01 2.2978e-01 2.4658e-01
 193.7500 2.3318e-01 2.0350e-01 2.6062e-01 2.0402e-01 2.5826e-01 2.2766e-01 2.4432e-01
 194.0000 2.3103e-01 2.0162e-01 2.5823e-01 2.0214e-01 2.5588e-01 2.2555e-01 2.4207e-01
 194.2500 2.2890e-01 1.9976e-01 2.5586e-01 2.0028e-01 2.5353e-01 2.2346e-01 2.3985e-01
 194.5000 2.2680e-01 1.9792e-01 2.5351e-01 1.9843e-01 2.5120e-01 2.2140e-01 2.3766e-01
 194.7500 2.2471e-01 1.9610e-01 2.5119e-01 1.9661e-01 2.4890e-01 2.1936e-01 2.3548e-01
 195.0000 2.2265e-01 1.9430e-01 2.4889e-01 1.9480e-01 2.4662e-01 2.1734e-01 2.3333e-01
 195.2500 2.2061e-01 1.9251e-01 2.4661e-01 1.9301e-01 2.4436e-01 2.1533e-01 2.3120e-01
 195.5000 2.1859e-01 1.9075e-01 2.4436e-01 1.9125e-01 2.4213e-01 2.1335e-01 2.2909e-01
 195.7500 2.1659e-01 1.8900e-01 2.4213e-01 1.8949e-01 2.3991e-01 2.1139e-01 2.2700e-01
 196.0000 2.1461e-01 1.8727e-01 2.3992e-01 1.8776e-01 2.3772e-01 2.0945e-01 2.2493e-01
 196.2500 2.1265e-01 1.8556e-01 2.3774e-01 1.8605e-01 2.3555e-01 2.0752e-01 2.2289e-01
 196.5000 2.1071e-01 1.8386e-01 2.3557e-01 1.8435e-01 2.3341e-01 2.0562e-01 2.2086e-01
 196.7500 2.0879e-01 1.8218e-01 2.3343e-01 1.8266e-01 2.3128e-01 2.0374e-01 2.1886e-01
 197.0000 2.0689e-01 1.8052e-01 2.3131e-01 1.8100e-01 2.2918e-01 2.0187e-01 2.1687e-01
 197.2500 2.0501e-01 1.7887e-01 2.2921e-01 1.7935e-01 2.2710e-01 2.0003e-01 2.1491e-01
 197.5000 2.0315e-01 1.7725e-01 2.2713e-01 1.7772e-01 2.2503e-01 1.9820e-01 2.1296e-01
 197.7500 2.0130e-01 1.7563e-01 2.2508e-01 1.7611e-01 2.2299e-01 1.9639e-01 2.1104e-01
 198.0000 1.9948e-01 1.7404e-01 2.2304e-01 1.7451e-01 2.2097e-01 1.9460e-01 2.0913e-01
 198.2500 1.9767e-01 1.7246e-01 2.2102e-01 1.7293e-01 2.1897e-01 1.9283e-01 2.0724e-01
 198.5000 1.9588e-01 1.7089e-01 2.1903e-01 1.7136e-01 2.1699e-01 1.9107e-01 2.0537e-01
 198.7500 1.9411e-01 1.6934e-01 2.1705e-01 1.6981e-01 2.1503e-01 1.8933e-01 2.0352e-01
 199.0000 1.9235e-01 1.6781e-01 2.1510e-01 1.6827e-01 2.1309e-01 1.8761e-01 2.0169e-01
 199.2500 1.9062e-01 1.6629e-01 2.1316e-01 1.6675e-01 2.1117e-01 1.8591e-01 1.9988e-01
 199.5000 1.8890e-01 1.6479e-01 2.1124e-01 1.6525e-01 2.0927e-01 1.8422e-01 1.9808e-01
 199.7500 1.8720e-01 1.6330e-01 2.0935e-01 1.6376e-01 2.0739e-01 1.8255e-01 1.9630e-01
 200.0000 1.8551e-01 1.6183e-01 2.0747e-01 1.6228e-01 2.0552e-01 1.8090e-01 1.9454e-01
